Normal Score Transform: UTF-A Oil Sand Formation Data
 8
Well-No.
X(m)
Y(m)
Z(m)
Porosity %
Permeablity - mD
Declustering Weight
NS_Permeablity - mD
1	35.4	41.11	288.08	25.13	566.62  1.6375756     -0.50194
1	35.4	41.11	287.95	26.83	462.57  1.6375756     -0.63223
1	35.4	41.11	287.83	28.62	364.26  1.6375756     -0.82045
1	35.4	41.11	287.7	28.7	276.69  1.6375756     -0.99008
1	35.4	41.11	287.58	26.22	182.68  1.6375756     -1.29992
1	35.4	41.11	287.45	21.01	108.34  1.6375756     -2.15384
1	35.4	41.11	287.33	23.5	144.12  1.6375756     -1.60866
1	35.4	41.11	287.2	24.97	265.44  1.6375756     -1.00981
1	35.4	41.11	287.08	25.31	593.51  1.6375756     -0.45570
1	35.4	41.11	286.95	25.8	755.26 0.99512410     -0.25998
1	35.4	41.11	286.83	26.96	717.29 0.99512410     -0.30221
1	35.4	41.11	286.7	29.19	737.32 0.99512410     -0.27790
1	35.4	41.11	286.58	30.73	2813.79 0.99512410      0.83238
1	35.4	41.11	286.45	31.79	3602.3 0.99512410      1.04416
1	35.4	41.11	286.33	33.55	3637.22 0.99512410      1.05075
1	35.4	41.11	286.2	31.32	2630.93 0.99512410      0.77879
1	35.4	41.11	286.08	27.98	995.2 0.99512410     -0.09066
1	35.4	41.11	285.95	28.19	1285.42 0.99512410      0.12639
1	35.4	41.11	285.83	28.3	1858.94 0.99512410      0.45252
1	35.4	41.11	285.7	30.73	3824.96 0.99512410      1.07926
1	35.4	41.11	285.58	28.97	2791.86 0.78449303      0.82543
1	35.4	41.11	285.45	28.2	2363.42 0.78449303      0.68726
1	35.4	41.11	285.33	28.31	2725.57 0.78449303      0.81312
1	35.4	41.11	285.2	32.92	4736.71 0.78449303      1.27426
1	35.4	41.11	285.08	37.96	6391.57 0.78449303      1.63469
1	35.4	41.11	284.95	37.83	5047.9 0.78449303      1.33693
1	35.4	41.11	284.83	34.75	2544.92 0.78449303      0.75285
1	35.4	41.11	284.7	32.7	1714.5 0.78449303      0.34843
1	35.4	41.11	284.58	31.55	853.49 0.78449303     -0.19071
1	35.4	41.11	284.45	30.84	686.08 0.78449303     -0.35029
1	35.4	41.11	284.33	29.27	531.01 0.69087863     -0.54673
1	35.4	41.11	284.2	24.67	294.04 0.69087863     -0.95522
1	35.4	41.11	284.08	23.16	273.1 0.69087863     -0.99664
1	35.4	41.11	283.95	28.06	3538 0.69087863      1.03153
1	35.4	41.11	283.83	27.06	3288.02 0.69087863      0.97596
1	35.4	41.11	283.7	27.11	3194.44 0.69087863      0.93411
1	35.4	41.11	283.58	26.34	2628.36 0.69087863      0.77470
1	35.4	41.11	283.45	28.41	3740.51 0.69087863      1.06301
1	35.4	41.11	283.33	31.28	5496.19 0.69087863      1.44775
1	35.4	41.11	283.2	33.2	6844.02 0.69087863      1.76660
1	35.4	41.11	283.08	30.62	5492.69 0.66473645      1.44413
1	35.4	41.11	282.95	33.43	7419.99 0.66473645      1.94855
1	35.4	41.11	282.83	36.64	9902.06 0.66473645      2.64518
1	35.4	41.11	282.7	37.96	10561.37 0.66473645      2.74413
1	35.4	41.11	282.58	35.16	7412.55 0.66473645      1.94028
1	35.4	41.11	282.45	33.24	5222.08 0.66473645      1.36609
1	35.4	41.11	282.33	32.44	4342.21 0.66473645      1.18016
1	35.4	41.11	282.2	30.55	3941.53 0.66473645      1.10155
1	35.4	41.11	282.08	29.85	3360.14 0.66473645      0.99481
1	35.4	41.11	281.95	35.98	6876.35 0.66473645      1.78038
1	35.4	41.11	281.83	37.36	7992.4 0.66473645      2.13129
1	35.4	41.11	281.7	34.87	6522.14 0.66473645      1.65983
1	35.4	41.11	281.58	33.72	6070.79 0.66473645      1.54424
1	35.4	41.11	281.45	32.56	4627.98 0.66473645      1.24740
1	35.4	41.11	281.33	29.6	2568.59 0.66473645      0.75829
1	35.4	41.11	281.2	28.07	1060.02 0.66473645     -0.03267
1	35.4	41.11	281.08	26.69	936.62 0.66473645     -0.14165
1	35.4	41.11	280.95	26.84	1266.37 0.66473645      0.11257
1	35.4	41.11	280.83	28.91	1426.58 0.66473645      0.19820
1	35.4	41.11	280.7	32.57	1574.71 0.66473645      0.27850
1	35.4	41.11	280.58	34.62	3253.63 0.67970031      0.96266
1	35.4	41.11	280.45	35.93	6249.84 0.67970031      1.59857
1	35.4	41.11	280.33	33.54	6043.79 0.67970031      1.53177
1	35.4	41.11	280.2	32.74	4009.59 0.67970031      1.12035
1	35.4	41.11	280.08	32.19	2664.75 0.67970031      0.78862
1	35.4	41.11	279.95	31.47	3304.93 0.67970031      0.98211
1	35.4	41.11	279.83	32.6	5323.21 0.67970031      1.39851
1	35.4	41.11	279.7	32.94	6541.53 0.67970031      1.66486
1	35.4	41.11	279.58	30.93	5857.67 0.67970031      1.49760
1	35.4	41.11	279.45	33.32	7548.23 0.67970031      2.01216
1	35.4	41.11	279.33	34.48	8330.42 0.73430842      2.26619
1	35.4	41.11	279.2	34.53	8008.09 0.73430842      2.15550
1	35.4	41.11	279.08	34.13	7599.33 0.73430842      2.02927
1	35.4	41.11	278.95	37.96	10488.23 0.73430842      2.69137
1	35.4	41.11	278.83	37.96	10574.43 0.73430842      2.80585
1	35.4	41.11	278.7	36.78	9614.55 0.73430842      2.52178
1	35.4	41.11	278.58	35.98	8893.35 0.73430842      2.36735
1	35.4	41.11	278.45	36.4	9108.86 0.73430842      2.41549
1	35.4	41.11	278.33	36.33	9047.04 0.73430842      2.39073
1	35.4	41.11	278.2	33.91	7097.7 0.73430842      1.85909
1	35.4	41.11	278.08	32.82	5936.12 0.81329548      1.51162
1	35.4	41.11	277.95	31.92	4735.95 0.81329548      1.27089
1	35.4	41.11	277.83	28.74	2591.31 0.81329548      0.76486
1	35.4	41.11	277.7	25.4	751.53 0.81329548     -0.26174
1	35.4	41.11	277.58	22.6	205.05 0.81329548     -1.15956
1	35.4	41.11	277.45	21.25	102.6 0.81329548     -2.33184
1	35.4	41.11	277.33	19.02	48.35 -999.00000   -999.00000
1	35.4	41.11	277.2	22.14	80.4 -999.00000   -999.00000
1	35.4	41.11	277.08	18.71	30.42 -999.00000   -999.00000
1	35.4	41.11	276.95	26.26	174.09 0.81329548     -1.40250
1	35.4	41.11	276.83	25.77	184.17 0.87667048     -1.29444
1	35.4	41.11	276.7	26.45	189.2 0.87667048     -1.28720
1	35.4	41.11	276.58	27.14	652.83 0.87667048     -0.39615
1	35.4	41.11	276.45	29.94	2099.58 0.87667048      0.57941
1	35.4	41.11	276.33	34.14	4636.56 0.87667048      1.25056
1	35.4	41.11	276.2	35.68	6346.21 0.87667048      1.60646
1	35.4	41.11	276.08	34.33	5755.24 0.87667048      1.48635
1	35.4	41.11	275.95	33.53	5046.36 0.87667048      1.33313
1	35.4	41.11	275.83	32.19	4112.73 0.87667048      1.14198
1	35.4	41.11	275.7	28.78	3209.46 0.87667048      0.94181
1	35.4	41.11	275.58	31.94	4952.44 0.87667048      1.30351
1	35.4	41.11	275.45	29.99	4362.14 0.99378163      1.19412
1	35.4	41.11	275.33	30.01	4534.45 0.99378163      1.23233
1	35.4	41.11	275.2	26.32	2949.71 0.99378163      0.85996
1	35.4	41.11	275.08	24.97	2275.23 0.99378163      0.64420
1	35.4	41.11	274.95	26.48	2597.72 0.99378163      0.76879
1	35.4	41.11	274.83	26.72	2118.64 0.99378163      0.58486
1	35.4	41.11	274.7	25.82	1146.55 0.99378163      0.03827
1	35.4	41.11	274.58	22.86	146.64 0.99378163     -1.59349
1	35.4	41.11	274.45	18.16	9.56 -999.00000   -999.00000
1	35.4	41.11	274.33	6.9	0.05 -999.00000   -999.00000
1	35.4	41.11	274.2	8.91	0.33 -999.00000   -999.00000
1	35.4	41.11	274.08	13.4	3.25 -999.00000   -999.00000
1	35.4	41.11	273.95	13.29	3.21 -999.00000   -999.00000
1	35.4	41.11	273.83	12.35	1.52 -999.00000   -999.00000
1	35.4	41.11	273.7	14.43	3.72 -999.00000   -999.00000
1	35.4	41.11	273.58	11.31	1.5 -999.00000   -999.00000
1	35.4	41.11	273.45	2.9	0 -999.00000   -999.00000
1	35.4	41.11	273.33	0	0 -999.00000   -999.00000
1	35.4	41.11	273.2	4.4	0.01 -999.00000   -999.00000
1	35.4	41.11	273.08	3.94	0 -999.00000   -999.00000
1	35.4	41.11	272.95	7.06	0.07 -999.00000   -999.00000
1	35.4	41.11	272.83	10.66	0.64 -999.00000   -999.00000
1	35.4	41.11	272.7	14.06	2.98 -999.00000   -999.00000
1	35.4	41.11	272.58	17.35	12.74 -999.00000   -999.00000
1	35.4	41.11	272.45	21.8	112.7  1.2843987     -2.02890
1	35.4	41.11	272.33	25.81	632.63  1.2843987     -0.41867
1	35.4	41.11	272.2	24.62	856.66  1.2843987     -0.18726
1	35.4	41.11	272.08	23.47	423.88  1.2843987     -0.72028
1	35.4	41.11	271.95	26.27	1017.92  1.2843987     -0.06552
1	35.4	41.11	271.83	25.72	1212.3  1.2843987      0.08893
1	35.4	41.11	271.7	22.19	447.6  1.5038074     -0.66169
1	35.4	41.11	271.58	18.88	72.95 -999.00000   -999.00000
1	35.4	41.11	271.45	20.99	29.64 -999.00000   -999.00000
1	35.4	41.11	271.33	21.8	101.33  1.5038074     -2.40355
1	35.4	41.11	271.2	24.73	251.8  1.5038074     -1.03973
1	35.4	41.11	271.08	28.01	636.17  1.5038074     -0.41439
1	35.4	41.11	270.95	28.44	443.92  1.5038074     -0.69140
1	35.4	41.11	270.83	26.97	630.84  1.5038074     -0.42391
1	35.4	41.11	270.7	28.95	411.61  1.5038074     -0.73546
1	35.4	41.11	270.58	31.41	708.46  1.5038074     -0.31569
1	35.4	41.11	270.45	28.35	1057.61  2.1686795     -0.03533
1	35.4	41.11	270.33	25.58	745.45  2.1686795     -0.26464
1	35.4	41.11	270.2	25.98	575.1  2.1686795     -0.47980
1	35.4	41.11	270.08	30.34	1005.6  2.1686795     -0.07713
1	35.4	41.11	269.95	31.49	1257.31  2.1686795      0.10989
1	35.4	41.11	269.83	30.12	1002.33  2.1686795     -0.08768
1	35.4	41.11	269.7	28.36	638.11  2.1686795     -0.40762
1	35.4	41.11	269.58	27.11	249.91  2.1686795     -1.05412
1	35.4	41.11	269.45	24.91	76.16 -999.00000   -999.00000
2	55.7	42.95	287.77	25.2	488.02  2.1284289     -0.58667
2	55.7	42.95	287.64	22.81	445.94  2.1284289     -0.66595
2	55.7	42.95	287.52	20.95	225.01  2.1284289     -1.10847
2	55.7	42.95	287.39	21.81	67.42 -999.00000   -999.00000
2	55.7	42.95	287.27	24.09	346.69  2.1284289     -0.83896
2	55.7	42.95	287.14	27.37	125.93  2.1284289     -1.85890
2	55.7	42.95	287.02	27.48	1932.1  2.1284289      0.48227
2	55.7	42.95	286.89	25.85	1878.14  1.0986708      0.46860
2	55.7	42.95	286.77	24.82	1367.18  1.0986708      0.16739
2	55.7	42.95	286.64	22.75	660.75  1.0986708     -0.38941
2	55.7	42.95	286.52	25.34	530.53  1.0986708     -0.54868
2	55.7	42.95	286.39	27.01	532.47  1.0986708     -0.54478
2	55.7	42.95	286.27	25	663.9  1.0986708     -0.38719
2	55.7	42.95	286.14	28.51	1394.57  1.0986708      0.18681
2	55.7	42.95	286.02	30.03	1917.19  1.0986708      0.47733
2	55.7	42.95	285.89	30.64	16.13 -999.00000   -999.00000
2	55.7	42.95	285.77	27.8	762.68  1.0986708     -0.25507
2	55.7	42.95	285.64	26.48	399.27 0.76826900     -0.76166
2	55.7	42.95	285.52	37.31	276.89 0.76826900     -0.98640
2	55.7	42.95	285.39	24.87	109.12 0.76826900     -2.13140
2	55.7	42.95	285.27	25.13	179.93 0.76826900     -1.36089
2	55.7	42.95	285.14	28.33	502.64 0.76826900     -0.57702
2	55.7	42.95	285.02	31.29	628.03 0.76826900     -0.43244
2	55.7	42.95	284.89	33.88	1783.34 0.76826900      0.40219
2	55.7	42.95	284.77	34.8	4391.19 0.76826900      1.21259
2	55.7	42.95	284.64	33.4	4952.58 0.76826900      1.30714
2	55.7	42.95	284.52	32.85	3153.89 0.76826900      0.92543
2	55.7	42.95	284.39	33.72	2008.46 0.62509412      0.51929
2	55.7	42.95	284.27	34.5	1160.3 0.62509412      0.05327
2	55.7	42.95	284.14	34.9	1844.95 0.62509412      0.44339
2	55.7	42.95	284.02	34.93	2268.36 0.62509412      0.64064
2	55.7	42.95	283.89	33.79	2297.08 0.62509412      0.65813
2	55.7	42.95	283.77	31.32	1668.24 0.62509412      0.32426
2	55.7	42.95	283.64	29.45	1108.1 0.62509412      0.00307
2	55.7	42.95	283.52	31.32	813.84 0.62509412     -0.22410
2	55.7	42.95	283.39	33.83	1430.56 0.62509412      0.19944
2	55.7	42.95	283.27	32.82	2257.52 0.62509412      0.63919
2	55.7	42.95	283.14	33.4	2083.59 0.58913618      0.56698
2	55.7	42.95	283.02	30.67	1024.54 0.58913618     -0.05934
2	55.7	42.95	282.89	31.45	838.04 0.58913618     -0.20165
2	55.7	42.95	282.77	35.39	1200.56 0.58913618      0.07992
2	55.7	42.95	282.64	31.51	885.58 0.58913618     -0.16693
2	55.7	42.95	282.52	27.55	844.3 0.58913618     -0.19414
2	55.7	42.95	282.39	25.94	1513.97 0.58913618      0.24015
2	55.7	42.95	282.27	30.23	3690.51 0.58913618      1.05333
2	55.7	42.95	282.14	32.19	5298.61 0.58913618      1.39535
2	55.7	42.95	282.02	31.58	4623.42 0.58913618      1.24484
2	55.7	42.95	281.89	30.84	3914.8 0.57567990      1.09329
2	55.7	42.95	281.77	20.09	3537.33 0.57567990      1.02746
2	55.7	42.95	281.64	27.17	3243.83 0.57567990      0.95715
2	55.7	42.95	281.52	31.37	5886.46 0.57567990      1.50513
2	55.7	42.95	281.39	32.83	7150.46 0.57567990      1.88086
2	55.7	42.95	281.27	34.16	8504.92 0.57567990      2.28254
2	55.7	42.95	281.14	35.34	9514.52 0.57567990      2.49324
2	55.7	42.95	281.02	33.79	7327.13 0.57567990      1.92534
2	55.7	42.95	280.89	30.78	4607.11 0.57567990      1.24247
2	55.7	42.95	280.77	29.14	2964.18 0.57567990      0.86665
2	55.7	42.95	280.64	23.36	2644.72 0.57567990      0.78079
2	55.7	42.95	280.52	31.62	1127.94 0.58464295      0.02757
2	55.7	42.95	280.39	32.4	1559.5 0.58464295      0.26653
2	55.7	42.95	280.27	32.23	2321.2 0.58464295      0.66615
2	55.7	42.95	280.14	31.94	2148.19 0.58464295      0.60094
2	55.7	42.95	280.02	33.38	3424.97 0.58464295      0.99674
2	55.7	42.95	279.89	37.96	7959.15 0.58464295      2.11087
2	55.7	42.95	279.77	37.09	9373.47 0.58464295      2.46956
2	55.7	42.95	279.64	34.65	8633.83 0.58464295      2.31971
2	55.7	42.95	279.52	33.51	8324.06 0.58464295      2.25033
2	55.7	42.95	279.39	36.47	10669.45 0.58464295      2.87583
2	55.7	42.95	279.27	34.26	7998.53 0.59635925      2.14292
2	55.7	42.95	279.14	32.28	5431.94 0.59635925      1.43161
2	55.7	42.95	279.02	34.01	4389.69 0.59635925      1.20217
2	55.7	42.95	278.89	32.2	1742.13 0.59635925      0.37403
2	55.7	42.95	278.77	32	1964.78 0.59635925      0.49843
2	55.7	42.95	278.64	32.52	2945.09 0.59635925      0.85638
2	55.7	42.95	278.52	29.13	1229.11 0.59635925      0.09193
2	55.7	42.95	278.39	30.43	1683.25 0.59635925      0.33320
2	55.7	42.95	278.27	30.54	2494.83 0.59635925      0.73548
2	55.7	42.95	278.14	30.35	1725.89 0.59635925      0.35283
2	55.7	42.95	278.02	31.99	1165.51 0.60807574      0.05549
2	55.7	42.95	277.89	32.82	2139.11 0.60807574      0.59771
2	55.7	42.95	277.77	32.45	3023.24 0.60807574      0.87407
2	55.7	42.95	277.64	32.17	3283.23 0.60807574      0.97400
2	55.7	42.95	277.52	32.2	3304.38 0.60807574      0.98015
2	55.7	42.95	277.39	32.09	2707.33 0.60807574      0.80675
2	55.7	42.95	277.27	31.89	3507.83 0.60807574      1.01870
2	55.7	42.95	277.14	34.45	6693.01 0.60807574      1.71587
2	55.7	42.95	277.02	35.43	8049.36 0.60807574      2.20093
2	55.7	42.95	276.89	35.17	7357.11 0.60807574      1.93248
2	55.7	42.95	276.77	34.71	6901.65 0.61813015      1.79396
2	55.7	42.95	276.64	33.83	6081.75 0.61813015      1.54823
2	55.7	42.95	276.52	33	5016.05 0.61813015      1.32589
2	55.7	42.95	276.39	32.57	3718.55 0.61813015      1.06085
2	55.7	42.95	276.27	34.41	4690.83 0.61813015      1.26610
2	55.7	42.95	276.14	35.16	5966.13 0.61813015      1.52311
2	55.7	42.95	276.02	36.94	6647.04 0.61813015      1.69709
2	55.7	42.95	275.89	35.54	5344.1 0.61813015      1.41189
2	55.7	42.95	275.77	34.05	3479.61 0.61813015      1.01293
2	55.7	42.95	275.64	34.68	1681.03 0.61813015      0.33199
2	55.7	42.95	275.52	34.05	697.61 0.63401771     -0.32904
2	55.7	42.95	275.39	31.9	546.47 0.63401771     -0.53344
2	55.7	42.95	275.27	29.66	460.94 0.63401771     -0.63764
2	55.7	42.95	275.14	28.54	365.42 0.63401771     -0.81746
2	55.7	42.95	275.02	29.55	730.18 0.63401771     -0.28887
2	55.7	42.95	274.89	26.76	727.79 0.63401771     -0.29138
2	55.7	42.95	274.77	23.89	121.74 0.63401771     -1.94393
2	55.7	42.95	274.64	21.57	49.23 -999.00000   -999.00000
2	55.7	42.95	274.52	20.79	48.55 -999.00000   -999.00000
2	55.7	42.95	274.39	22.98	78.35 -999.00000   -999.00000
2	55.7	42.95	274.27	27.7	229.1 0.65587896     -1.08627
2	55.7	42.95	274.14	31.52	957.85 0.65587896     -0.12043
2	55.7	42.95	274.02	34.72	2613.35 0.65587896      0.77088
2	55.7	42.95	273.89	34.23	2434.06 0.65587896      0.71052
2	55.7	42.95	273.77	34.03	2596.17 0.65587896      0.76671
2	55.7	42.95	273.64	34.78	4455.07 0.65587896      1.22568
2	55.7	42.95	273.52	36.71	6454.42 0.65587896      1.65493
2	55.7	42.95	273.39	36.19	4988.83 0.65587896      1.31892
2	55.7	42.95	273.27	34.64	3478.52 0.65587896      1.01093
2	55.7	42.95	273.14	34.25	3471.64 0.65587896      1.00888
2	55.7	42.95	273.02	32.09	4377.72 0.73298031      1.19744
2	55.7	42.95	272.89	33.1	1922.32 0.73298031      0.47926
2	55.7	42.95	272.77	29.94	508.46 0.73298031     -0.57060
2	55.7	42.95	272.64	30.32	870.77 0.73298031     -0.18100
2	55.7	42.95	272.52	32.51	2272.25 0.73298031      0.64220
2	55.7	42.95	272.39	33.34	3289.3 0.73298031      0.97812
2	55.7	42.95	272.27	34.64	2887.19 0.73298031      0.84917
2	55.7	42.95	272.14	33.75	1775.49 0.73298031      0.40066
2	55.7	42.95	272.02	35.45	3970.57 0.73298031      1.11284
2	55.7	42.95	271.89	37.03	6248.44 0.73298031      1.59382
2	55.7	42.95	271.77	37	5569.12 0.91793263      1.46581
2	55.7	42.95	271.64	34.77	4394.67 0.91793263      1.21590
2	55.7	42.95	271.52	35.06	5211.1 0.91793263      1.36232
2	55.7	42.95	271.39	34.63	5549.25 0.91793263      1.45416
2	55.7	42.95	271.27	36.27	6653.01 0.91793263      1.70322
2	55.7	42.95	271.14	33.34	5244.06 0.91793263      1.37459
2	55.7	42.95	271.02	36.99	5466.33 0.91793263      1.43558
2	55.7	42.95	270.89	34.87	3105.35 0.91793263      0.91258
2	55.7	42.95	270.77	33.15	1862.16 0.91793263      0.45821
2	55.7	42.95	270.64	31.83	1386.35 0.91793263      0.17991
2	55.7	42.95	270.52	32.84	2004.7  1.2520473      0.51728
2	55.7	42.95	270.39	32	1126.85  1.2520473      0.02584
2	55.7	42.95	270.27	31.6	660.06  1.2520473     -0.39180
2	55.7	42.95	270.14	32.04	736.91  1.2520473     -0.28009
2	55.7	42.95	270.02	32.47	1081.95  1.2520473     -0.01892
2	55.7	42.95	269.89	28.85	546.8  1.2520473     -0.53140
2	55.7	42.95	269.77	26.15	421.46  1.2520473     -0.72500
2	55.7	42.95	269.64	24.46	173.49  1.2520473     -1.40770
2	55.7	42.95	269.52	30.21	482.24  1.2520473     -0.59740
2	55.7	42.95	269.39	31.68	1148.49  1.2520473      0.04183
2	55.7	42.95	269.27	28.18	137.66  1.2520473     -1.75401
2	55.7	42.95	269.14	25.82	36.19 -999.00000   -999.00000
3	9.05	43.95	288.37	28.45	398.85  5.8907957     -0.77004
3	9.05	43.95	288.24	29.3	444.67  5.8907957     -0.68260
3	9.05	43.95	288.12	30.3	1201.24  1.4748039      0.08187
3	9.05	43.95	287.99	33.75	1953.49  1.4748039      0.49075
3	9.05	43.95	287.87	34.83	1772.63  1.4748039      0.39707
3	9.05	43.95	287.74	35.82	2526.44  1.4748039      0.74359
3	9.05	43.95	287.62	32.1	1737.49  1.4748039      0.36987
3	9.05	43.95	287.49	27.86	734.06  1.4748039     -0.28276
3	9.05	43.95	287.37	24.15	263.85  1.4748039     -1.01469
3	9.05	43.95	287.24	27.16	637.16  1.4748039     -0.41134
3	9.05	43.95	287.12	32.86	1066.25  1.4748039     -0.03065
3	9.05	43.95	286.99	35.68	3271.15  1.4748039      0.96832
3	9.05	43.95	286.87	34.57	3432.5  1.0301358      0.99924
3	9.05	43.95	286.74	34.2	3631.9  1.0301358      1.04745
3	9.05	43.95	286.62	36.39	4353.72  1.0301358      1.18704
3	9.05	43.95	286.49	34.33	4106.95  1.0301358      1.13571
3	9.05	43.95	286.37	32.31	3569.61  1.0301358      1.03807
3	9.05	43.95	286.24	29.64	2721.13  1.0301358      0.80888
3	9.05	43.95	286.12	26.57	1737.56  1.0301358      0.37239
3	9.05	43.95	285.99	24.49	666.11  1.0301358     -0.38213
3	9.05	43.95	285.87	23.68	410.82  1.0301358     -0.73858
3	9.05	43.95	285.74	21.79	409.26  1.0301358     -0.74299
3	9.05	43.95	285.62	26.74	455.09 0.85141844     -0.64109
3	9.05	43.95	285.49	30.31	534.34 0.85141844     -0.54266
3	9.05	43.95	285.37	30.8	909.65 0.85141844     -0.15909
3	9.05	43.95	285.24	29.11	923.9 0.85141844     -0.15147
3	9.05	43.95	285.12	28.02	950.09 0.85141844     -0.13066
3	9.05	43.95	284.99	26.83	1023.49 0.85141844     -0.06070
3	9.05	43.95	284.87	23.25	883.92 0.85141844     -0.17016
3	9.05	43.95	284.74	23.64	1464.04 0.85141844      0.21728
3	9.05	43.95	284.62	24.38	1461.52 0.85141844      0.21565
3	9.05	43.95	284.49	28.39	2176.73 0.85141844      0.61084
3	9.05	43.95	284.37	26.61	1546.07 0.77243125      0.25551
3	9.05	43.95	284.24	28.74	2684.21 0.77243125      0.79344
3	9.05	43.95	284.12	32.28	4642.21 0.77243125      1.25395
3	9.05	43.95	283.99	29.45	3969.45 0.77243125      1.11022
3	9.05	43.95	283.87	32.91	5192.32 0.77243125      1.35831
3	9.05	43.95	283.74	31.77	4424.8 0.77243125      1.22284
3	9.05	43.95	283.62	30.21	4016.53 0.77243125      1.12291
3	9.05	43.95	283.49	26.63	2689.05 0.77243125      0.79978
3	9.05	43.95	283.37	29.45	3101.79 0.77243125      0.90759
3	9.05	43.95	283.24	30.06	2806.11 0.77243125      0.82749
3	9.05	43.95	283.12	28.03	2473.85 0.75464749      0.72413
3	9.05	43.95	282.99	28.83	2669.04 0.75464749      0.79046
3	9.05	43.95	282.87	26.36	1981.51 0.75464749      0.50684
3	9.05	43.95	282.74	27.05	1818.4 0.75464749      0.43101
3	9.05	43.95	282.62	27.93	2455.17 0.75464749      0.71893
3	9.05	43.95	282.49	27.93	2973.99 0.75464749      0.86847
3	9.05	43.95	282.37	28.5	3543.65 0.75464749      1.03520
3	9.05	43.95	282.24	30.27	4540.44 0.75464749      1.23585
3	9.05	43.95	282.12	34	6380.66 0.75464749      1.62922
3	9.05	43.95	281.99	36.71	6838.4 0.75464749      1.76017
3	9.05	43.95	281.87	35.13	5850.3 0.76639217      1.49344
3	9.05	43.95	281.74	34.65	5657.25 0.76639217      1.47482
3	9.05	43.95	281.62	32.82	2662.29 0.76639217      0.78676
3	9.05	43.95	281.49	30.21	1575.1 0.76639217      0.27990
3	9.05	43.95	281.37	29.46	1853.15 0.76639217      0.44837
3	9.05	43.95	281.24	29.21	1879.01 0.76639217      0.47055
3	9.05	43.95	281.12	30.45	2630.05 0.76639217      0.77655
3	9.05	43.95	280.99	30.89	3348.8 0.76639217      0.98673
3	9.05	43.95	280.87	31.38	3981.79 0.76639217      1.11546
3	9.05	43.95	280.74	31.21	4311.72 0.76639217      1.16562
3	9.05	43.95	280.62	30.98	2376.05 0.78554052      0.69289
3	9.05	43.95	280.49	30.51	1764.9 0.78554052      0.39477
3	9.05	43.95	280.37	31.34	3062.54 0.78554052      0.89593
3	9.05	43.95	280.24	30.72	4035.9 0.78554052      1.12716
3	9.05	43.95	280.12	29.47	4062.75 0.78554052      1.12995
3	9.05	43.95	279.99	34.45	7235.6 0.78554052      1.89793
3	9.05	43.95	279.87	35.19	8030.15 0.78554052      2.18641
3	9.05	43.95	279.74	32	6015.81 0.78554052      1.52733
3	9.05	43.95	279.62	31.31	5587.66 0.78554052      1.47051
3	9.05	43.95	279.49	30.89	5327.05 0.78554052      1.40218
3	9.05	43.95	279.37	30	48884.5 -999.00000   -999.00000
3	9.05	43.95	279.24	33.15	6571.72 0.83487755      1.67058
3	9.05	43.95	279.12	32.15	5936.89 0.83487755      1.51649
3	9.05	43.95	278.99	33.05	6392.08 0.83487755      1.64051
3	9.05	43.95	278.87	33.63	6358.16 0.83487755      1.61233
3	9.05	43.95	278.74	32.13	5095.2 0.83487755      1.34428
3	9.05	43.95	278.62	29.55	3830.82 0.83487755      1.08504
3	9.05	43.95	278.49	30.6	2616.89 0.83487755      0.77277
3	9.05	43.95	278.37	27.02	941.14 0.83487755     -0.13706
3	9.05	43.95	278.24	23.97	363.41 0.83487755     -0.82370
3	9.05	43.95	278.12	26.85	375.14 0.83487755     -0.79277
3	9.05	43.95	277.99	30.75	549.2 0.95449591     -0.52439
3	9.05	43.95	277.87	30.02	1434.83 0.95449591      0.20256
3	9.05	43.95	277.74	29.82	1754.09 0.95449591      0.38713
3	9.05	43.95	277.62	29.57	1246.66 0.95449591      0.10413
3	9.05	43.95	277.49	29.04	1187.94 0.95449591      0.07466
3	9.05	43.95	277.37	22.2	505.04 0.95449591     -0.57246
3	9.05	43.95	277.24	15.58	45.99 -999.00000   -999.00000
3	9.05	43.95	277.12	8.65	1.65 -999.00000   -999.00000
3	9.05	43.95	276.99	22.1	49.98 -999.00000   -999.00000
3	9.05	43.95	276.87	26.19	204.62 0.95449591     -1.16282
3	9.05	43.95	276.74	26.3	566.67  1.1561642     -0.49896
3	9.05	43.95	276.62	27.18	967.3  1.1561642     -0.11604
3	9.05	43.95	276.49	30.69	1536.24  1.1561642      0.24760
3	9.05	43.95	276.37	29.77	1649.27  1.1561642      0.31818
3	9.05	43.95	276.24	30.04	2490.18  1.1561642      0.73136
3	9.05	43.95	276.12	27.58	2016.01  1.1561642      0.52284
3	9.05	43.95	275.99	30.17	2016.94  1.1561642      0.52533
3	9.05	43.95	275.87	28.64	1176.57  1.1561642      0.06037
3	9.05	43.95	275.74	30.05	953.16  1.1561642     -0.12876
3	9.05	43.95	275.62	31.52	823.96  1.1561642     -0.21775
3	9.05	43.95	275.49	34.47	1587.91  1.6681111      0.28366
3	9.05	43.95	275.37	35.49	2959.04  1.6681111      0.86358
3	9.05	43.95	275.24	31.92	2646.58  1.6681111      0.78365
3	9.05	43.95	275.12	27.68	1804.76  1.6681111      0.42245
3	9.05	43.95	274.99	25.4	941.02  1.6681111     -0.13944
3	9.05	43.95	274.87	24.84	463.02  1.6681111     -0.62844
3	9.05	43.95	274.74	22.29	157.38  1.6681111     -1.53426
3	9.05	43.95	274.62	15.37	13.33 -999.00000   -999.00000
3	9.05	43.95	274.49	9.13	0.44 -999.00000   -999.00000
3	9.05	43.95	274.37	4.2	0.01 -999.00000   -999.00000
3	9.05	43.95	274.24	4.09	0 -999.00000   -999.00000
3	9.05	43.95	274.12	4.72	0.01 -999.00000   -999.00000
3	9.05	43.95	273.99	6.04	0.06 -999.00000   -999.00000
3	9.05	43.95	273.87	9.53	0.36 -999.00000   -999.00000
3	9.05	43.95	273.74	18.9	28.95 -999.00000   -999.00000
3	9.05	43.95	273.62	23.58	128.82  2.6787207     -1.83406
3	9.05	43.95	273.49	26.12	307.11  2.6787207     -0.93080
3	9.05	43.95	273.37	18.86	100.52  2.6787207     -3.08904
3	9.05	43.95	273.24	17.09	75.88 -999.00000   -999.00000
3	9.05	43.95	273.12	16.44	60.53 -999.00000   -999.00000
3	9.05	43.95	272.99	15.72	9.18 -999.00000   -999.00000
3	9.05	43.95	272.87	13.14	2.57 -999.00000   -999.00000
3	9.05	43.95	272.74	10.09	1.1 -999.00000   -999.00000
3	9.05	43.95	272.62	8.34	0.26 -999.00000   -999.00000
3	9.05	43.95	272.49	10.14	0.69 -999.00000   -999.00000
3	9.05	43.95	272.37	14.15	3.44 -999.00000   -999.00000
3	9.05	43.95	272.24	10.96	0.03 -999.00000   -999.00000
3	9.05	43.95	272.12	4.37	0.01 -999.00000   -999.00000
3	9.05	43.95	271.99	1.87	0 -999.00000   -999.00000
3	9.05	43.95	271.87	4.33	0 -999.00000   -999.00000
3	9.05	43.95	271.74	0	0 -999.00000   -999.00000
3	9.05	43.95	271.62	2.69	0 -999.00000   -999.00000
3	9.05	43.95	271.49	15.89	6.39 -999.00000   -999.00000
3	9.05	43.95	271.37	20.59	19.5 -999.00000   -999.00000
3	9.05	43.95	271.24	18.67	9.1 -999.00000   -999.00000
3	9.05	43.95	271.12	16.31	6.3 -999.00000   -999.00000
3	9.05	43.95	270.99	14.54	4.66 -999.00000   -999.00000
3	9.05	43.95	270.87	13.62	4.45 -999.00000   -999.00000
3	9.05	43.95	270.74	13.42	2.87 -999.00000   -999.00000
3	9.05	43.95	270.62	15.27	6.03 -999.00000   -999.00000
3	9.05	43.95	270.49	17.43	10.14 -999.00000   -999.00000
3	9.05	43.95	270.37	16.78	4.68 -999.00000   -999.00000
3	9.05	43.95	270.24	21.85	18.32 -999.00000   -999.00000
3	9.05	43.95	270.12	24.44	45.46 -999.00000   -999.00000
3	9.05	43.95	269.99	25.63	93.67 -999.00000   -999.00000
3	9.05	43.95	269.87	27.56	195.99  8.8989248     -1.20960
3	9.05	43.95	269.74	25.15	139.51  8.8989248     -1.67009
3	9.05	43.95	269.62	25.37	182.5  8.8989248     -1.32332
3	9.05	43.95	269.49	21.1	72.49 -999.00000   -999.00000
4	49.5	44.1	287.82	20.55	50.47 -999.00000   -999.00000
4	49.5	44.1	287.69	19.16	51.82 -999.00000   -999.00000
4	49.5	44.1	287.57	18.9	76.33 -999.00000   -999.00000
4	49.5	44.1	287.44	17.26	100.7  5.1463294     -2.65743
4	49.5	44.1	287.32	17.5	63.44 -999.00000   -999.00000
4	49.5	44.1	287.19	21.54	61.25 -999.00000   -999.00000
4	49.5	44.1	287.07	25.32	319.95  5.1463294     -0.90239
4	49.5	44.1	286.94	23.73	369.36  1.8029594     -0.81073
4	49.5	44.1	286.82	22.06	372.89  1.8029594     -0.80302
4	49.5	44.1	286.69	20.75	195.6  1.8029594     -1.23077
4	49.5	44.1	286.57	20.32	49.09 -999.00000   -999.00000
4	49.5	44.1	286.44	21.54	90.71 -999.00000   -999.00000
4	49.5	44.1	286.32	24.39	223.92  1.8029594     -1.11879
4	49.5	44.1	286.19	24.49	321.24  1.8029594     -0.88947
4	49.5	44.1	286.07	21.68	163.88  1.8029594     -1.42632
4	49.5	44.1	285.94	18.85	35.62 -999.00000   -999.00000
4	49.5	44.1	285.82	19.88	44.01 -999.00000   -999.00000
4	49.5	44.1	285.69	20.58	84.02 -999.00000   -999.00000
4	49.5	44.1	285.57	21.52	80.31 -999.00000   -999.00000
4	49.5	44.1	285.44	20.91	21.93 -999.00000   -999.00000
4	49.5	44.1	285.32	21.68	129.39  1.0779610     -1.81541
4	49.5	44.1	285.19	22.79	372.92  1.0779610     -0.79929
4	49.5	44.1	285.07	23.24	495.21  1.0779610     -0.58061
4	49.5	44.1	284.94	24.64	230.56  1.0779610     -1.08334
4	49.5	44.1	284.82	25.11	258.73  1.0779610     -1.02624
4	49.5	44.1	284.69	23.2	163.42  1.0779610     -1.43594
4	49.5	44.1	284.57	20.89	90.49 -999.00000   -999.00000
4	49.5	44.1	284.44	21.45	70.01 -999.00000   -999.00000
4	49.5	44.1	284.32	23.07	297.57 0.95244676     -0.95278
4	49.5	44.1	284.19	25.5	1030.59 0.95244676     -0.05638
4	49.5	44.1	284.07	27.07	1455.46 0.95244676      0.21008
4	49.5	44.1	283.94	25.86	987.23 0.95244676     -0.09589
4	49.5	44.1	283.82	27.2	781.34 0.95244676     -0.24588
4	49.5	44.1	283.69	28.81	858.5 0.95244676     -0.18512
4	49.5	44.1	283.57	26.05	476.54 0.95244676     -0.60726
4	49.5	44.1	283.44	21.27	192.27 0.95244676     -1.23924
4	49.5	44.1	283.32	20.57	211.6 0.95244676     -1.13731
4	49.5	44.1	283.19	20.81	485.5 0.95244676     -0.59206
4	49.5	44.1	283.07	22.44	804.43 0.80032402     -0.23164
4	49.5	44.1	282.94	23.4	1048.49 0.80032402     -0.03937
4	49.5	44.1	282.82	24.99	1333.59 0.80032402      0.14857
4	49.5	44.1	282.69	25.76	1098.81 0.80032402     -0.00097
4	49.5	44.1	282.57	26.21	1389.88 0.80032402      0.18155
4	49.5	44.1	282.44	25.7	1446.67 0.80032402      0.20590
4	49.5	44.1	282.32	24.78	1020.92 0.80032402     -0.06225
4	49.5	44.1	282.19	24.4	1026.09 0.80032402     -0.05803
4	49.5	44.1	282.07	25.91	1597.27 0.80032402      0.28957
4	49.5	44.1	281.94	26.54	2027.5 0.80032402      0.53834
4	49.5	44.1	281.82	26.71	2098.64 0.71373594      0.57764
4	49.5	44.1	281.69	24.6	1560.26 0.71373594      0.26917
4	49.5	44.1	281.57	25.25	1557.2 0.71373594      0.26388
4	49.5	44.1	281.44	25.63	1558.08 0.71373594      0.26527
4	49.5	44.1	281.32	27.81	1998.75 0.71373594      0.51360
4	49.5	44.1	281.19	27.57	1877.42 0.71373594      0.46670
4	49.5	44.1	281.07	26.64	1545.54 0.71373594      0.25407
4	49.5	44.1	280.94	25.91	1349.98 0.71373594      0.15929
4	49.5	44.1	280.82	26.02	1402.39 0.71373594      0.18998
4	49.5	44.1	280.69	27.03	1697.3 0.71373594      0.34098
4	49.5	44.1	280.57	26.61	1331.19 0.69283992      0.14715
4	49.5	44.1	280.44	24.88	1020.44 0.69283992     -0.06366
4	49.5	44.1	280.32	23.91	547.79 0.69283992     -0.52616
4	49.5	44.1	280.19	23.61	342.79 0.69283992     -0.84891
4	49.5	44.1	280.07	23.68	1031.92 0.69283992     -0.05483
4	49.5	44.1	279.94	25.12	1810.35 0.69283992      0.42720
4	49.5	44.1	279.82	26.01	1880.21 0.69283992      0.47208
4	49.5	44.1	279.69	24.6	1276.02 0.69283992      0.11991
4	49.5	44.1	279.57	26.32	1802.76 0.69283992      0.42002
4	49.5	44.1	279.44	27.38	2278.14 0.69283992      0.64776
4	49.5	44.1	279.32	28.66	2828.61 0.71573454      0.83465
4	49.5	44.1	279.19	28.15	2721.65 0.71573454      0.81116
4	49.5	44.1	279.07	25.72	1307.44 0.71573454      0.13231
4	49.5	44.1	278.94	25.67	1123.14 0.71573454      0.02069
4	49.5	44.1	278.82	25.66	809.82 0.71573454     -0.22539
4	49.5	44.1	278.69	25.5	628.9 0.71573454     -0.43090
4	49.5	44.1	278.57	24.32	478.01 0.71573454     -0.60365
4	49.5	44.1	278.44	23.78	481.42 0.71573454     -0.59961
4	49.5	44.1	278.32	25.59	924.6 0.71573454     -0.14998
4	49.5	44.1	278.19	27.4	1711.05 0.71573454      0.34544
4	49.5	44.1	278.07	29.16	1999.55 0.73184186      0.51515
4	49.5	44.1	277.94	28.82	2022.43 0.73184186      0.53013
4	49.5	44.1	277.82	29.29	2026.88 0.73184186      0.53353
4	49.5	44.1	277.69	30.65	1984.04 0.73184186      0.50936
4	49.5	44.1	277.57	30.61	2215.16 0.73184186      0.62865
4	49.5	44.1	277.44	29.26	2107.39 0.73184186      0.58119
4	49.5	44.1	277.32	28.81	2177.18 0.73184186      0.61263
4	49.5	44.1	277.19	26.28	1639.52 0.73184186      0.31167
4	49.5	44.1	277.07	25.88	1484.74 0.73184186      0.23206
4	49.5	44.1	276.94	26.52	1533.86 0.73184186      0.24361
4	49.5	44.1	276.82	25.08	1125.9 0.76694709      0.02394
4	49.5	44.1	276.69	24.38	855.64 0.76694709     -0.18922
4	49.5	44.1	276.57	24.43	830.26 0.76694709     -0.20909
4	49.5	44.1	276.44	26.11	1378.1 0.76694709      0.17562
4	49.5	44.1	276.32	30.24	1675.87 0.76694709      0.33062
4	49.5	44.1	276.19	28.5	762.97 0.76694709     -0.25326
4	49.5	44.1	276.07	25.86	265.79 0.76694709     -1.00606
4	49.5	44.1	275.94	23.87	125.16 0.76694709     -1.87443
4	49.5	44.1	275.82	23.51	134.3 0.76694709     -1.77924
4	49.5	44.1	275.69	25.05	177.78 0.76694709     -1.37809
4	49.5	44.1	275.57	21.41	107.05 0.82505232     -2.17799
4	49.5	44.1	275.44	19.99	56.51 -999.00000   -999.00000
4	49.5	44.1	275.32	18.02	16.73 -999.00000   -999.00000
4	49.5	44.1	275.19	19.58	57.72 -999.00000   -999.00000
4	49.5	44.1	275.07	24.97	362.73 0.82505232     -0.82848
4	49.5	44.1	274.94	26.33	712.34 0.82505232     -0.31154
4	49.5	44.1	274.82	25.44	928.43 0.82505232     -0.14540
4	49.5	44.1	274.69	25.42	1097.17 0.82505232     -0.00249
4	49.5	44.1	274.57	26.06	1252.89 0.82505232      0.10706
4	49.5	44.1	274.44	25.51	1284.05 0.82505232      0.12467
4	49.5	44.1	274.32	23.27	704.62 0.82505232     -0.31799
4	49.5	44.1	274.19	19.14	153.92 0.91281569     -1.56082
4	49.5	44.1	274.07	13.28	11.77 -999.00000   -999.00000
4	49.5	44.1	273.94	8.54	0.57 -999.00000   -999.00000
4	49.5	44.1	273.82	5.78	0.03 -999.00000   -999.00000
4	49.5	44.1	273.69	5.04	0.01 -999.00000   -999.00000
4	49.5	44.1	273.57	8.44	0.33 -999.00000   -999.00000
4	49.5	44.1	273.44	12.22	3.12 -999.00000   -999.00000
4	49.5	44.1	273.32	20.62	23.61 -999.00000   -999.00000
4	49.5	44.1	273.19	22.67	76.27 -999.00000   -999.00000
4	49.5	44.1	273.07	24.98	327.56 0.91281569     -0.87632
4	49.5	44.1	272.94	29.34	1277.29 0.98804116      0.12150
4	49.5	44.1	272.82	30.39	2135.83 0.98804116      0.59389
4	49.5	44.1	272.69	29.37	1862.09 0.98804116      0.45622
4	49.5	44.1	272.57	28.11	425.13 0.98804116     -0.71524
4	49.5	44.1	272.44	25.94	224.83 0.98804116     -1.11390
4	49.5	44.1	272.32	27.82	731.7 0.98804116     -0.28728
4	49.5	44.1	272.19	27.67	1501.04 0.98804116      0.23520
4	49.5	44.1	272.07	27.63	2497.52 0.98804116      0.73744
4	49.5	44.1	271.94	30.23	3466.12 0.98804116      1.00631
4	49.5	44.1	271.82	29.12	1123.38 0.98804116      0.02229
4	49.5	44.1	271.69	29.12	569.67  1.1089206     -0.49384
4	49.5	44.1	271.57	32.4	1324.27  1.1089206      0.14302
4	49.5	44.1	271.44	33.81	3092.83  1.1089206      0.90493
4	49.5	44.1	271.32	33.49	3189.86  1.1089206      0.93150
4	49.5	44.1	271.19	30.86	847.15  1.1089206     -0.19252
4	49.5	44.1	271.07	29.46	1197.31  1.1089206      0.07660
4	49.5	44.1	270.94	28.83	1553.34  1.1089206      0.26211
4	49.5	44.1	270.82	29.19	1243.72  1.1089206      0.10218
4	49.5	44.1	270.69	29.13	1304.37  1.1089206      0.13058
4	49.5	44.1	270.57	28.29	1032.98  1.1089206     -0.05314
4	49.5	44.1	270.44	26.14	563.55  1.8110254     -0.50710
4	49.5	44.1	270.32	24.39	651.31  1.8110254     -0.39888
4	49.5	44.1	270.19	27.06	587.83  1.8110254     -0.45930
4	49.5	44.1	270.07	24.49	124.81  1.8110254     -1.88865
4	49.5	44.1	269.94	22.81	137.53  1.8110254     -1.76757
4	49.5	44.1	269.82	23.79	314.32  1.8110254     -0.91943
4	49.5	44.1	269.69	25.25	279.79  1.8110254     -0.97986
4	49.5	44.1	269.57	22.8	141.42  1.8110254     -1.63081
4	49.5	44.1	269.44	9.24	2.02 -999.00000   -999.00000
4	49.5	44.1	269.32	0	0 -999.00000   -999.00000
4	49.5	44.1	269.19	0	0 -999.00000   -999.00000
5	83.4	47	287.53	4.79	0.03 -999.00000   -999.00000
5	83.4	47	287.4	8.02	0.23 -999.00000   -999.00000
5	83.4	47	287.28	8.59	0.35 -999.00000   -999.00000
5	83.4	47	287.15	6.73	0.09 -999.00000   -999.00000
5	83.4	47	287.03	6.56	0.12 -999.00000   -999.00000
5	83.4	47	286.9	8.95	0.7 -999.00000   -999.00000
5	83.4	47	286.78	13.76	4.29 -999.00000   -999.00000
5	83.4	47	286.65	17.08	9.3 -999.00000   -999.00000
5	83.4	47	286.53	19.39	24.28 -999.00000   -999.00000
5	83.4	47	286.4	23.85	137.99  2.2872179     -1.72153
5	83.4	47	286.28	28.99	629.9  2.2872179     -0.42781
5	83.4	47	286.15	27.11	740.89  2.2872179     -0.27117
5	83.4	47	286.03	30.91	1322.02  2.2872179      0.13815
5	83.4	47	285.9	27.35	692.88  2.2872179     -0.34119
5	83.4	47	285.78	27.05	472.27  2.2872179     -0.61513
5	83.4	47	285.65	24.66	946.09  1.2574655     -0.13508
5	83.4	47	285.53	21.61	528.56  1.2574655     -0.55126
5	83.4	47	285.4	19.85	255.19  1.2574655     -1.03270
5	83.4	47	285.28	20.38	586.17  1.2574655     -0.46250
5	83.4	47	285.15	23.79	1634.61  1.2574655      0.30685
5	83.4	47	285.03	26.37	2515.07  1.2574655      0.74021
5	83.4	47	284.9	25.77	2406.95  1.2574655      0.70333
5	83.4	47	284.78	22.24	1239.32  1.2574655      0.09641
5	83.4	47	284.65	26.04	1997.66  1.2574655      0.51148
5	83.4	47	284.53	28.85	1744.3  1.2574655      0.37590
5	83.4	47	284.4	30.83	1616.71 0.95906979      0.29905
5	83.4	47	284.28	33.28	3045.45 0.95906979      0.89051
5	83.4	47	284.15	29.54	1352.61 0.95906979      0.16088
5	83.4	47	284.03	28.14	1792.21 0.95906979      0.40555
5	83.4	47	283.9	27.33	2543.66 0.95906979      0.75068
5	83.4	47	283.78	28.26	2808.95 0.95906979      0.82979
5	83.4	47	283.65	26.62	1358.68 0.95906979      0.16397
5	83.4	47	283.53	25.63	796.4 0.95906979     -0.23632
5	83.4	47	283.4	24.32	335.99 0.95906979     -0.86700
5	83.4	47	283.28	23.57	106.79 0.95906979     -2.19632
5	83.4	47	283.15	23.27	43.85 -999.00000   -999.00000
5	83.4	47	283.03	24.56	111.82 0.82945037     -2.04470
5	83.4	47	282.9	27.64	290.23 0.82945037     -0.95747
5	83.4	47	282.78	31.11	2541.47 0.82945037      0.74645
5	83.4	47	282.65	31.92	4820.45 0.82945037      1.28443
5	83.4	47	282.53	32.19	6363.32 0.82945037      1.61809
5	83.4	47	282.4	33.74	7779.51 0.82945037      2.07749
5	83.4	47	282.28	33.74	7433.11 0.82945037      1.95801
5	83.4	47	282.15	33.68	7009.21 0.82945037      1.82541
5	83.4	47	282.03	33.27	5753.3 0.82945037      1.48153
5	83.4	47	281.9	30.4	3750.33 0.82945037      1.06553
5	83.4	47	281.78	28.57	2160.24 0.78784847      0.60693
5	83.4	47	281.65	28.81	1939.61 0.78784847      0.48535
5	83.4	47	281.53	25.88	1094.3 0.78784847     -0.01115
5	83.4	47	281.4	22.95	392.59 0.78784847     -0.78073
5	83.4	47	281.28	28.85	665.25 0.78784847     -0.38528
5	83.4	47	281.15	31.93	1111.84 0.78784847      0.00695
5	83.4	47	281.03	31.06	1475.14 0.78784847      0.22243
5	83.4	47	280.9	29.45	1340.28 0.78784847      0.15475
5	83.4	47	280.78	28.19	689.45 0.78784847     -0.34647
5	83.4	47	280.65	26.31	349.85 0.78784847     -0.83508
5	83.4	47	280.53	27.92	1187.67 0.79849720      0.07301
5	83.4	47	280.4	32.14	3825.37 0.79849720      1.08228
5	83.4	47	280.28	36.87	9330.96 0.79849720      2.44302
5	83.4	47	280.15	33.43	8022.87 0.79849720      2.17044
5	83.4	47	280.03	31.7	7055.17 0.79849720      1.84270
5	83.4	47	279.9	32.89	6664.86 0.79849720      1.71013
5	83.4	47	279.78	33.88	7442.83 0.79849720      1.98844
5	83.4	47	279.65	37.08	10928.2 0.79849720      2.96847
5	83.4	47	279.53	37.83	11682.24 0.79849720      3.43226
5	83.4	47	279.4	36.75	11055.91 0.79849720      3.12209
5	83.4	47	279.28	34.99	9843.09 0.82135642      2.55858
5	83.4	47	279.15	35.38	9864.8 0.82135642      2.60161
5	83.4	47	279.03	33.74	8587.53 0.82135642      2.30067
5	83.4	47	278.9	32.06	6804.87 0.82135642      1.74636
5	83.4	47	278.78	30.9	5466.61 0.82135642      1.44018
5	83.4	47	278.65	31.29	5246.72 0.82135642      1.38112
5	83.4	47	278.53	33.3	6887.99 0.82135642      1.78724
5	83.4	47	278.4	33.47	7267.07 0.82135642      1.90716
5	83.4	47	278.28	32.58	6219.25 0.82135642      1.57125
5	83.4	47	278.15	35.93	8057.1 0.82135642      2.21632
5	83.4	47	278.03	35.75	7728.35 0.84421581      2.06407
5	83.4	47	277.9	35.78	7322.81 0.84421581      1.91689
5	83.4	47	277.78	36.56	7186.95 0.84421581      1.88874
5	83.4	47	277.65	36.92	6860.57 0.84421581      1.77351
5	83.4	47	277.53	36.89	6222.85 0.84421581      1.57665
5	83.4	47	277.4	36.02	5031.73 0.84421581      1.32921
5	83.4	47	277.28	34.14	4358.25 0.84421581      1.19061
5	83.4	47	277.15	32.2	2031.67 0.84421581      0.54479
5	83.4	47	277.03	30.97	1604.59 0.84421581      0.29420
5	83.4	47	276.9	33.42	3278.81 0.84421581      0.97181
5	83.4	47	276.78	35.07	2378.37 0.86336404      0.69486
5	83.4	47	276.65	32.71	433.58 0.86336404     -0.70643
5	83.4	47	276.53	26.07	94.54 -999.00000   -999.00000
5	83.4	47	276.4	15.04	3.35 -999.00000   -999.00000
5	83.4	47	276.28	7.08	0.06 -999.00000   -999.00000
5	83.4	47	276.15	2.66	0 -999.00000   -999.00000
5	83.4	47	276.03	4	0 -999.00000   -999.00000
5	83.4	47	275.9	8.64	0.23 -999.00000   -999.00000
5	83.4	47	275.78	18.15	89.07 -999.00000   -999.00000
5	83.4	47	275.65	22.64	795.88 0.86336404     -0.23808
5	83.4	47	275.53	26.52	1735.39 0.84515524      0.36754
5	83.4	47	275.4	29.07	1836.83 0.84515524      0.43947
5	83.4	47	275.28	26.68	933.2 0.84515524     -0.14381
5	83.4	47	275.15	26.8	1548.32 0.84515524      0.26021
5	83.4	47	275.03	28.83	3130.03 0.84515524      0.91510
5	83.4	47	274.9	29.25	3442.11 0.84515524      1.00214
5	83.4	47	274.78	32.72	4941.34 0.84515524      1.29974
5	83.4	47	274.65	34.81	6230.77 0.84515524      1.58857
5	83.4	47	274.53	35.05	6409.12 0.84515524      1.64660
5	83.4	47	274.4	32.93	3690.72 0.84515524      1.05568
5	83.4	47	274.28	34.64	2489.33 0.87163317      0.72888
5	83.4	47	274.15	34.52	1409.26 0.87163317      0.19296
5	83.4	47	274.03	35.93	2125.7 0.87163317      0.58913
5	83.4	47	273.9	32.43	2053.44 0.87163317      0.55369
5	83.4	47	273.78	30.28	838.95 0.87163317     -0.19820
5	83.4	47	273.65	29.08	394.66 0.87163317     -0.77862
5	83.4	47	273.53	28.33	321.7 0.87163317     -0.88575
5	83.4	47	273.4	28.63	486.51 0.87163317     -0.59002
5	83.4	47	273.28	31.03	542.96 0.87163317     -0.53507
5	83.4	47	273.15	32.91	509.09 0.87163317     -0.56882
5	83.4	47	273.03	34.89	1747.28 0.96839172      0.37966
5	83.4	47	272.9	36.77	4969.04 0.96839172      1.31098
5	83.4	47	272.78	37.96	5188.03 0.96839172      1.35421
5	83.4	47	272.65	37.96	4345.62 0.96839172      1.18325
5	83.4	47	272.53	37.31	6224.86 0.96839172      1.58258
5	83.4	47	272.4	37.58	7495.79 0.96839172      2.00057
5	83.4	47	272.28	37.96	8853.17 0.96839172      2.34178
5	83.4	47	272.15	35.88	6624.65 0.96839172      1.68771
5	83.4	47	272.03	35.55	4982.05 0.96839172      1.31529
5	83.4	47	271.9	35.55	4579.79 0.96839172      1.23933
5	83.4	47	271.78	34	5265.91  1.2181154      1.38611
5	83.4	47	271.65	32.44	2201.87  1.2181154      0.62642
5	83.4	47	271.53	33.37	1792.52  1.2181154      0.40777
5	83.4	47	271.4	35.11	4340.6  1.2181154      1.17662
5	83.4	47	271.28	36.93	6705.34  1.2181154      1.72339
5	83.4	47	271.15	36.6	6976.27  1.2181154      1.80764
5	83.4	47	271.03	32.75	1241.5  1.2181154      0.09875
5	83.4	47	270.9	31.73	461.23  1.2181154     -0.63551
5	83.4	47	270.78	36.85	3755.45  1.2181154      1.06893
5	83.4	47	270.65	37.96	5554.02  1.2181154      1.45996
5	83.4	47	270.53	36.31	5331.05  1.2181154      1.40723
5	83.4	47	270.4	34.9	4666.56  2.2287209      1.26016
5	83.4	47	270.28	35.65	4306.95  2.2287209      1.16009
5	83.4	47	270.15	32.51	2844.22  2.2287209      0.84101
5	83.4	47	270.03	32.58	2088.69  2.2287209      0.57155
5	83.4	47	269.9	32.55	970.8  2.2287209     -0.10838
5	83.4	47	269.78	28.66	439.83  2.2287209     -0.69765
5	83.4	47	269.65	22.98	47.17 -999.00000   -999.00000
5	83.4	47	269.53	10.55	9.89 -999.00000   -999.00000
5	83.4	47	269.4	20.38	22.19 -999.00000   -999.00000
6	56.9	85.7	287.77	20.88	161.85  16.004955     -1.48248
6	56.9	85.7	287.64	15.07	41.07 -999.00000   -999.00000
6	56.9	85.7	287.52	11.4	9.7 -999.00000   -999.00000
6	56.9	85.7	287.39	11.26	3.54 -999.00000   -999.00000
6	56.9	85.7	287.27	10.81	1.19 -999.00000   -999.00000
6	56.9	85.7	287.14	15.25	6.92 -999.00000   -999.00000
6	56.9	85.7	287.02	14.41	5.55 -999.00000   -999.00000
6	56.9	85.7	286.89	7.59	0.18 -999.00000   -999.00000
6	56.9	85.7	286.77	8.04	0.2 -999.00000   -999.00000
6	56.9	85.7	286.64	6.08	0.07 -999.00000   -999.00000
6	56.9	85.7	286.52	7.14	0.13 -999.00000   -999.00000
6	56.9	85.7	286.39	4.54	0.02 -999.00000   -999.00000
6	56.9	85.7	286.27	4.17	0.01 -999.00000   -999.00000
6	56.9	85.7	286.14	6.57	0.07 -999.00000   -999.00000
6	56.9	85.7	286.02	10.15	0.86 -999.00000   -999.00000
6	56.9	85.7	285.89	15.09	8.02 -999.00000   -999.00000
6	56.9	85.7	285.77	18.13	29.72 -999.00000   -999.00000
6	56.9	85.7	285.64	19.08	28.71 -999.00000   -999.00000
6	56.9	85.7	285.52	16.09	7.89 -999.00000   -999.00000
6	56.9	85.7	285.39	16.59	8.24 -999.00000   -999.00000
6	56.9	85.7	285.27	14.02	3.69 -999.00000   -999.00000
6	56.9	85.7	285.14	20.39	23.33 -999.00000   -999.00000
6	56.9	85.7	285.02	22.31	205.92  2.3105016     -1.14888
6	56.9	85.7	284.89	22.14	451.83  2.3105016     -0.64843
6	56.9	85.7	284.77	21.69	669.64  2.3105016     -0.37558
6	56.9	85.7	284.64	24.26	1036.02  2.3105016     -0.04352
6	56.9	85.7	284.52	27.86	1074.56  2.3105016     -0.02561
6	56.9	85.7	284.39	28	969.46  1.2779902     -0.11169
6	56.9	85.7	284.27	27.27	1479.02  1.2779902      0.22590
6	56.9	85.7	284.14	23.3	956.59  1.2779902     -0.12226
6	56.9	85.7	284.02	21.48	919.48  1.2779902     -0.15564
6	56.9	85.7	283.89	23.1	1327.2  1.2779902      0.14528
6	56.9	85.7	283.77	27.04	2028.72  1.2779902      0.54060
6	56.9	85.7	283.64	28.96	2017.16  1.2779902      0.52796
6	56.9	85.7	283.52	28.91	1481.3  1.2779902      0.22837
6	56.9	85.7	283.39	24.96	482.48  1.2779902     -0.59456
6	56.9	85.7	283.27	22.78	569.65  1.2779902     -0.49637
6	56.9	85.7	283.14	30.6	3089.69 0.97684240      0.90198
6	56.9	85.7	283.02	33.53	5393.8 0.97684240      1.42536
6	56.9	85.7	282.89	31.55	2684.91 0.97684240      0.79569
6	56.9	85.7	282.77	32.44	1589.92 0.97684240      0.28625
6	56.9	85.7	282.64	32.35	884.41 0.97684240     -0.16842
6	56.9	85.7	282.52	33.05	717.11 0.97684240     -0.30501
6	56.9	85.7	282.39	34.25	3926 0.97684240      1.09873
6	56.9	85.7	282.27	34.22	5236.4 0.97684240      1.37002
6	56.9	85.7	282.14	36.03	7115.49 0.97684240      1.87238
6	56.9	85.7	282.02	34.22	6045 0.97684240      1.53682
6	56.9	85.7	281.89	34.33	7062.28 0.80699658      1.85100
6	56.9	85.7	281.77	30.72	2542.22 0.80699658      0.74848
6	56.9	85.7	281.64	27.84	581.38 0.80699658     -0.46872
6	56.9	85.7	281.52	27.53	200.74 0.80699658     -1.18307
6	56.9	85.7	281.39	27.5	252.5 0.80699658     -1.03601
6	56.9	85.7	281.27	27.67	181.47 0.80699658     -1.34553
6	56.9	85.7	281.14	27.64	231.14 0.80699658     -1.08016
6	56.9	85.7	281.02	28.16	581.95 0.80699658     -0.46702
6	56.9	85.7	280.89	31.91	1158.55 0.80699658      0.05193
6	56.9	85.7	280.77	32.96	2332.57 0.80699658      0.67412
6	56.9	85.7	280.64	34.67	3518.7 0.80699658      1.02219
6	56.9	85.7	280.52	36.06	3313.75 0.79199427      0.98435
6	56.9	85.7	280.39	35.22	6380.31 0.79199427      1.62376
6	56.9	85.7	280.27	32.79	6991.11 0.79199427      1.81741
6	56.9	85.7	280.14	33.26	7440.51 0.79199427      1.97776
6	56.9	85.7	280.02	34.18	8269.35 0.79199427      2.23435
6	56.9	85.7	279.89	33.4	6773.97 0.79199427      1.73944
6	56.9	85.7	279.77	32.28	4112.02 0.79199427      1.13898
6	56.9	85.7	279.64	31.49	2363.48 0.79199427      0.68914
6	56.9	85.7	279.52	33.89	1602.74 0.79199427      0.29260
6	56.9	85.7	279.39	37.89	6827.96 0.79199427      1.75337
6	56.9	85.7	279.27	34.45	3696 0.83996409      1.05845
6	56.9	85.7	279.14	34.67	2693.77 0.83996409      0.80186
6	56.9	85.7	279.02	34.33	5158.2 0.83996409      1.34997
6	56.9	85.7	278.89	32.4	4482.8 0.83996409      1.22866
6	56.9	85.7	278.77	30.56	2146.33 0.83996409      0.59934
6	56.9	85.7	278.64	28.91	1823.53 0.83996409      0.43573
6	56.9	85.7	278.52	27.03	1683.99 0.83996409      0.33463
6	56.9	85.7	278.39	31.78	2893.89 0.83996409      0.85270
6	56.9	85.7	278.27	32.67	2032.87 0.83996409      0.54663
6	56.9	85.7	278.14	31.38	1342.51 0.83996409      0.15781
6	56.9	85.7	278.02	28.48	1696.47 0.90289813      0.33937
6	56.9	85.7	277.89	27.69	1339.19 0.90289813      0.15314
6	56.9	85.7	277.77	31.04	2037.11 0.90289813      0.55030
6	56.9	85.7	277.64	30.79	2138.9 0.90289813      0.59601
6	56.9	85.7	277.52	30.98	4132.02 0.90289813      1.14520
6	56.9	85.7	277.39	31.82	5361.18 0.90289813      1.41577
6	56.9	85.7	277.27	34.08	6610.95 0.90289813      1.68045
6	56.9	85.7	277.14	32.79	6195.98 0.90289813      1.56571
6	56.9	85.7	277.02	32.84	6719.78 0.90289813      1.73226
6	56.9	85.7	276.89	31.84	6127.44 0.90289813      1.55743
6	56.9	85.7	276.77	31.83	5285.5 0.96583188      1.39149
6	56.9	85.7	276.64	30.94	3522.9 0.96583188      1.02501
6	56.9	85.7	276.52	30.77	2248.07 0.96583188      0.63232
6	56.9	85.7	276.39	30.96	3225.29 0.96583188      0.95296
6	56.9	85.7	276.27	30.37	1831.41 0.96583188      0.43760
6	56.9	85.7	276.14	29.84	1275.28 0.96583188      0.11834
6	56.9	85.7	276.02	30.03	1671.1 0.96583188      0.32583
6	56.9	85.7	275.89	26.57	1166.43 0.96583188      0.05697
6	56.9	85.7	275.77	22.71	274.3 0.96583188     -0.99408
6	56.9	85.7	275.64	20.84	89.63 -999.00000   -999.00000
6	56.9	85.7	275.52	21.36	80.12 -999.00000   -999.00000
6	56.9	85.7	275.39	22.03	95.22 -999.00000   -999.00000
6	56.9	85.7	275.27	19.13	47.81 -999.00000   -999.00000
6	56.9	85.7	275.14	16.41	20.86 -999.00000   -999.00000
6	56.9	85.7	275.02	14.23	10.02 -999.00000   -999.00000
6	56.9	85.7	274.89	15.49	14.29 -999.00000   -999.00000
6	56.9	85.7	274.77	21.02	56.55 -999.00000   -999.00000
6	56.9	85.7	274.64	21.32	54.17 -999.00000   -999.00000
6	56.9	85.7	274.52	20.73	41.45 -999.00000   -999.00000
6	56.9	85.7	274.39	20.73	34.56 -999.00000   -999.00000
6	56.9	85.7	274.27	21.12	41.93 -999.00000   -999.00000
6	56.9	85.7	274.14	19.33	27.06 -999.00000   -999.00000
6	56.9	85.7	274.02	19.19	35.6 -999.00000   -999.00000
6	56.9	85.7	273.89	22.82	88.91 -999.00000   -999.00000
6	56.9	85.7	273.77	26.33	259.38  1.0652635     -1.02284
6	56.9	85.7	273.64	30.02	838.38  1.0652635     -0.20006
6	56.9	85.7	273.52	31.58	2361.08  1.0652635      0.68506
6	56.9	85.7	273.39	31.69	3057.8  1.0652635      0.89334
6	56.9	85.7	273.27	30.32	2441.27  1.0652635      0.71396
6	56.9	85.7	273.14	28.59	1008.97  1.0652635     -0.07198
6	56.9	85.7	273.02	28.31	535.58  1.1067672     -0.53879
6	56.9	85.7	272.89	28.53	954.66  1.1067672     -0.12662
6	56.9	85.7	272.77	29	1726.12  1.1067672      0.35454
6	56.9	85.7	272.64	29.33	1958.8  1.1067672      0.49662
6	56.9	85.7	272.52	27.57	689.71  1.1067672     -0.34458
6	56.9	85.7	272.39	28.71	801.31  1.1067672     -0.23432
6	56.9	85.7	272.27	29.88	1144.12  1.1067672      0.03505
6	56.9	85.7	272.14	31.56	1115.51  1.1067672      0.01347
6	56.9	85.7	272.02	34.55	3357.78  1.1067672      0.98960
6	56.9	85.7	271.89	36.53	7656.36  1.1067672      2.04302
6	56.9	85.7	271.77	34.99	7953.95  1.2756953      2.09492
6	56.9	85.7	271.64	33.98	4840.36  1.2756953      1.29173
6	56.9	85.7	271.52	30.29	2158.96  1.2756953      0.60460
6	56.9	85.7	271.39	30.06	2091.12  1.2756953      0.57543
6	56.9	85.7	271.27	31.66	3038.13  1.2756953      0.88739
6	56.9	85.7	271.14	35.14	4264.94  1.2756953      1.15366
6	56.9	85.7	271.02	31.9	1204.3  1.2756953      0.08521
6	56.9	85.7	270.89	29.94	883.11  1.2756953     -0.17219
6	56.9	85.7	270.77	30.75	949.14  1.2756953     -0.13268
6	56.9	85.7	270.64	27.87	835.68  1.2756953     -0.20713
6	56.9	85.7	270.52	26.45	573.37  1.8552104     -0.48405
6	56.9	85.7	270.39	26.83	1183.05  1.8552104      0.06694
6	56.9	85.7	270.27	28.84	1370.01  1.8552104      0.17020
6	56.9	85.7	270.14	34.71	1469.34  1.8552104      0.21989
6	56.9	85.7	270.02	33.53	2338.78  1.8552104      0.68007
6	56.9	85.7	269.89	31.97	3035  1.8552104      0.87968
6	56.9	85.7	269.77	31.01	3200.3  1.8552104      0.93781
6	56.9	85.7	269.64	26.93	474.32  1.8552104     -0.61044
6	56.9	85.7	269.52	24.33	301.03  1.8552104     -0.94465
6	56.9	85.7	269.39	22.46	45.6 -999.00000   -999.00000
7	50.7	50	287.83	18.09	24.56 -999.00000   -999.00000
7	50.7	50	287.7	18.9	36.01 -999.00000   -999.00000
7	50.7	50	287.58	18.74	83.52 -999.00000   -999.00000
7	50.7	50	287.45	18.66	177.37  2.6810446     -1.38927
7	50.7	50	287.33	17.98	105.42  2.6810446     -2.23617
7	50.7	50	287.2	17.94	23.03 -999.00000   -999.00000
7	50.7	50	287.08	18.88	26.92 -999.00000   -999.00000
7	50.7	50	286.95	18.05	76.11 -999.00000   -999.00000
7	50.7	50	286.83	18.63	180.55  1.3557179     -1.35587
7	50.7	50	286.7	22.28	399.84  1.3557179     -0.75899
7	50.7	50	286.58	22.95	368.29  1.3557179     -0.81485
7	50.7	50	286.45	24.29	339.69  1.3557179     -0.85693
7	50.7	50	286.33	23.57	151.26  1.3557179     -1.58280
7	50.7	50	286.2	22.59	152.2  1.3557179     -1.57394
7	50.7	50	286.08	24.32	306.41  1.3557179     -0.93666
7	50.7	50	285.95	24.36	299.38  1.3557179     -0.94937
7	50.7	50	285.83	23.69	123.75  1.3557179     -1.90666
7	50.7	50	285.7	22.41	74.8 -999.00000   -999.00000
7	50.7	50	285.58	21.26	78.1 -999.00000   -999.00000
7	50.7	50	285.45	22.75	180.88  1.1276096     -1.35004
7	50.7	50	285.33	24.38	225.15  1.1276096     -1.10283
7	50.7	50	285.2	21.79	95.19 -999.00000   -999.00000
7	50.7	50	285.08	23.32	100.9  1.1276096     -2.47591
7	50.7	50	284.95	26.73	320.66  1.1276096     -0.89357
7	50.7	50	284.83	29.1	836.88  1.1276096     -0.20482
7	50.7	50	284.7	29	779.28  1.1276096     -0.25014
7	50.7	50	284.58	28.42	920.07  1.1276096     -0.15335
7	50.7	50	284.45	26.52	554.88  1.1276096     -0.51931
7	50.7	50	284.33	24.34	215.74 0.92524785     -1.13395
7	50.7	50	284.2	23.36	113.94 0.92524785     -2.01290
7	50.7	50	284.08	24.39	117.81 0.92524785     -1.96375
7	50.7	50	283.95	23.62	144.78 0.92524785     -1.59994
7	50.7	50	283.83	17.83	42.54 -999.00000   -999.00000
7	50.7	50	283.7	14.69	7.75 -999.00000   -999.00000
7	50.7	50	283.58	16.13	6.28 -999.00000   -999.00000
7	50.7	50	283.45	11.75	1.03 -999.00000   -999.00000
7	50.7	50	283.33	11.05	0.62 -999.00000   -999.00000
7	50.7	50	283.2	10.22	0.39 -999.00000   -999.00000
7	50.7	50	283.08	11.96	1.64 -999.00000   -999.00000
7	50.7	50	282.95	17.86	82.07 -999.00000   -999.00000
7	50.7	50	282.83	22.81	675.51 0.76625675     -0.36847
7	50.7	50	282.7	21.64	828.62 0.76625675     -0.21056
7	50.7	50	282.58	22.6	980.37 0.76625675     -0.10021
7	50.7	50	282.45	24.71	1153.27 0.76625675      0.04922
7	50.7	50	282.33	27.75	1607.41 0.76625675      0.29735
7	50.7	50	282.2	27.97	1750.53 0.76625675      0.38305
7	50.7	50	282.08	25.31	1275.19 0.76625675      0.11670
7	50.7	50	281.95	25.99	1147.18 0.76625675      0.03993
7	50.7	50	281.83	25.81	1226.35 0.64987493      0.09075
7	50.7	50	281.7	25.03	1241.92 0.64987493      0.10052
7	50.7	50	281.58	23.92	1156.66 0.64987493      0.05056
7	50.7	50	281.45	23.94	1036.77 0.64987493     -0.04073
7	50.7	50	281.33	25.59	881.86 0.64987493     -0.17624
7	50.7	50	281.2	25.23	553.09 0.64987493     -0.52123
7	50.7	50	281.08	23.45	415.93 0.64987493     -0.73016
7	50.7	50	280.95	21.16	101.23 0.64987493     -2.44160
7	50.7	50	280.83	21.87	114.98 0.64987493     -2.00180
7	50.7	50	280.7	24.63	728.37 0.64987493     -0.29012
7	50.7	50	280.58	28.15	1383.46 0.64899838      0.17841
7	50.7	50	280.45	28.05	858.67 0.64899838     -0.18359
7	50.7	50	280.33	28.15	665.44 0.64899838     -0.38382
7	50.7	50	280.2	27.65	963.78 0.64899838     -0.11775
7	50.7	50	280.08	28.89	2079.16 0.64899838      0.56561
7	50.7	50	279.95	31.02	2757.71 0.64899838      0.81500
7	50.7	50	279.83	29.01	2061.11 0.64899838      0.55711
7	50.7	50	279.7	28.56	1723.6 0.64899838      0.35159
7	50.7	50	279.58	28.78	1446.95 0.64899838      0.20729
7	50.7	50	279.45	27.92	1448.67 0.64899838      0.20854
7	50.7	50	279.33	27.3	1231.04 0.66071796      0.09312
7	50.7	50	279.2	29.15	1729.58 0.66071796      0.35788
7	50.7	50	279.08	29.95	2038.63 0.66071796      0.55201
7	50.7	50	278.95	31.23	2088.31 0.66071796      0.56836
7	50.7	50	278.83	30.55	1774.12 0.66071796      0.39924
7	50.7	50	278.7	29.3	1652.35 0.66071796      0.32148
7	50.7	50	278.58	29.91	2074.03 0.66071796      0.56001
7	50.7	50	278.45	28.63	1944.5 0.66071796      0.48689
7	50.7	50	278.33	26.61	1122.63 0.66071796      0.01940
7	50.7	50	278.2	25.51	721.61 0.66071796     -0.29801
7	50.7	50	278.08	26.17	1003.01 0.69415170     -0.08498
7	50.7	50	277.95	26.13	1111.73 0.69415170      0.00556
7	50.7	50	277.83	26.94	499.75 0.69415170     -0.57864
7	50.7	50	277.7	27.56	330.18 0.69415170     -0.87411
7	50.7	50	277.58	27.63	606.62 0.69415170     -0.43956
7	50.7	50	277.45	26.58	635.15 0.69415170     -0.41664
7	50.7	50	277.33	27	565.65 0.69415170     -0.50442
7	50.7	50	277.2	28.56	1206.09 0.69415170      0.08706
7	50.7	50	277.08	31.19	2277.58 0.69415170      0.64615
7	50.7	50	276.95	31.23	2150.34 0.69415170      0.60238
7	50.7	50	276.83	30.32	1673.7 0.74848121      0.32753
7	50.7	50	276.7	31.29	1746.06 0.74848121      0.37792
7	50.7	50	276.58	31.22	2575.67 0.74848121      0.76006
7	50.7	50	276.45	31.48	1712.97 0.74848121      0.34690
7	50.7	50	276.33	28.91	693.21 0.74848121     -0.33817
7	50.7	50	276.2	26.01	440.65 0.74848121     -0.69409
7	50.7	50	276.08	26.87	910.53 0.74848121     -0.15756
7	50.7	50	275.95	29.07	1599.35 0.74848121      0.29109
7	50.7	50	275.83	29.4	1401.56 0.74848121      0.18858
7	50.7	50	275.7	31.27	1686.74 0.74848121      0.33773
7	50.7	50	275.58	30.69	1168.85 0.74848121      0.05858
7	50.7	50	275.45	28.45	697.92 0.85558885     -0.32757
7	50.7	50	275.33	25.62	334.73 0.85558885     -0.86948
7	50.7	50	275.2	24.27	256.24 0.85558885     -1.02932
7	50.7	50	275.08	21.77	131.64 0.85558885     -1.80605
7	50.7	50	274.95	23	277.09 0.85558885     -0.98392
7	50.7	50	274.83	23.32	387.77 0.85558885     -0.78283
7	50.7	50	274.7	21.09	266.6 0.85558885     -1.00353
7	50.7	50	274.58	15.29	34.26 -999.00000   -999.00000
7	50.7	50	274.45	6.87	0.38 -999.00000   -999.00000
7	50.7	50	274.33	0.41	0 -999.00000   -999.00000
7	50.7	50	274.2	2.52	0 -999.00000   -999.00000
7	50.7	50	274.08	9.73	0.24 -999.00000   -999.00000
7	50.7	50	273.95	18.57	9.66 -999.00000   -999.00000
7	50.7	50	273.83	21.72	33.07 -999.00000   -999.00000
7	50.7	50	273.7	20.58	49.58 -999.00000   -999.00000
7	50.7	50	273.58	17.35	19.79 -999.00000   -999.00000
7	50.7	50	273.45	16.44	4.6 -999.00000   -999.00000
7	50.7	50	273.33	19.59	43.58 -999.00000   -999.00000
7	50.7	50	273.2	22.21	79.27 -999.00000   -999.00000
7	50.7	50	273.08	23.75	94.25 -999.00000   -999.00000
7	50.7	50	272.95	26.34	445.09 0.93882263     -0.67453
7	50.7	50	272.83	24.54	1035.37 0.93882263     -0.05121
7	50.7	50	272.7	20.85	94.92 -999.00000   -999.00000
7	50.7	50	272.58	19.6	39.41 -999.00000   -999.00000
7	50.7	50	272.45	21.57	54.11 -999.00000   -999.00000
7	50.7	50	272.33	25.31	424.89 0.93882263     -0.71758
7	50.7	50	272.2	27.5	316.67 0.93882263     -0.91102
7	50.7	50	272.08	27.82	324.81 0.93882263     -0.88323
7	50.7	50	271.95	30.15	1321.79 0.93882263      0.13509
7	50.7	50	271.83	28.61	709.66 0.93882263     -0.31328
7	50.7	50	271.7	28.94	585.68  1.1282803     -0.46500
7	50.7	50	271.58	31.4	1806.78  1.1282803      0.42532
7	50.7	50	271.45	32.5	2285.7  1.1282803      0.65249
7	50.7	50	271.33	31	1733.14  1.1282803      0.36100
7	50.7	50	271.2	29.3	793.36  1.1282803     -0.24386
7	50.7	50	271.08	28.76	1013.13  1.1282803     -0.06991
7	50.7	50	270.95	28.3	1529.53  1.1282803      0.24181
7	50.7	50	270.83	28.85	1541.04  1.1282803      0.24982
7	50.7	50	270.7	27.53	1013.89  1.1282803     -0.06779
7	50.7	50	270.58	27.7	576.43  1.1282803     -0.47382
7	50.7	50	270.45	29.91	740.33  1.8053099     -0.27516
7	50.7	50	270.33	30.77	1394.17  1.8053099      0.18404
7	50.7	50	270.2	28.17	881.4  1.8053099     -0.17858
7	50.7	50	270.08	26.01	431.65  1.8053099     -0.71185
7	50.7	50	269.95	26.76	603.94  1.8053099     -0.44404
7	50.7	50	269.83	25.01	251.1  1.8053099     -1.04508
7	50.7	50	269.7	23.01	237.79  1.8053099     -1.07444
7	50.7	50	269.58	20	203.08  1.8053099     -1.17226
7	50.7	50	269.45	14.42	7.75 -999.00000   -999.00000
7	50.7	50	269.33	7.32	0.03 -999.00000   -999.00000
7	50.7	50	269.2	3.33	0 -999.00000   -999.00000
7	50.7	50	269.08	0.21	0 -999.00000   -999.00000
7	50.7	50	268.95	0	0 -999.00000   -999.00000
8	56.7	50	287.79	21.52	85.36 -999.00000   -999.00000
8	56.7	50	287.66	19.71	23.07 -999.00000   -999.00000
8	56.7	50	287.54	18.85	24.19 -999.00000   -999.00000
8	56.7	50	287.41	17.68	110.58  3.0389068     -2.09794
8	56.7	50	287.29	17.57	227.13  3.0389068     -1.09256
8	56.7	50	287.16	22.25	693.81  3.0389068     -0.33441
8	56.7	50	287.04	25.29	1095.49  3.0389068     -0.00756
8	56.7	50	286.91	25.07	547.21  1.4508061     -0.52848
8	56.7	50	286.79	23.12	143.53  1.4508061     -1.61934
8	56.7	50	286.66	22.22	270.49  1.4508061     -0.99995
8	56.7	50	286.54	22.55	676.01  1.4508061     -0.36624
8	56.7	50	286.41	22.55	1150.77  1.4508061      0.04562
8	56.7	50	286.29	24.5	1978.53  1.4508061      0.50448
8	56.7	50	286.16	27.74	3211.83  1.4508061      0.94522
8	56.7	50	286.04	27.45	2767.13  1.4508061      0.81775
8	56.7	50	285.91	24.91	1635.76  1.4508061      0.30952
8	56.7	50	285.79	27.02	2026.95  1.4508061      0.53590
8	56.7	50	285.66	26.03	1858.61  1.1164709      0.45033
8	56.7	50	285.54	28.51	2418.27  1.1164709      0.70838
8	56.7	50	285.41	26.44	1534.82  1.1164709      0.24540
8	56.7	50	285.29	24.01	523.58  1.1164709     -0.56222
8	56.7	50	285.16	22.3	488.82  1.1164709     -0.58305
8	56.7	50	285.04	25.12	1181.14  1.1164709      0.06414
8	56.7	50	284.91	23.71	1076.22  1.1164709     -0.02239
8	56.7	50	284.79	22.33	1008.1  1.1164709     -0.07404
8	56.7	50	284.66	23.12	1082.92  1.1164709     -0.01669
8	56.7	50	284.54	26.15	1112.65  1.1164709      0.00874
8	56.7	50	284.41	28.53	1754.44 0.99109459      0.38910
8	56.7	50	284.29	30.63	2310.99 0.99109459      0.66167
8	56.7	50	284.16	27.93	989.93 0.99109459     -0.09406
8	56.7	50	284.04	25.92	515.25 0.99109459     -0.56454
8	56.7	50	283.91	26.12	402.37 0.99109459     -0.75409
8	56.7	50	283.79	23.14	156.5 0.99109459     -1.54805
8	56.7	50	283.66	19.47	32.39 -999.00000   -999.00000
8	56.7	50	283.54	20.2	27.12 -999.00000   -999.00000
8	56.7	50	283.41	18.48	29.92 -999.00000   -999.00000
8	56.7	50	283.29	15.35	9.83 -999.00000   -999.00000
8	56.7	50	283.16	12.69	2.08 -999.00000   -999.00000
8	56.7	50	283.04	10.48	0.48 -999.00000   -999.00000
8	56.7	50	282.91	14.52	2.59 -999.00000   -999.00000
8	56.7	50	282.79	19.82	17.17 -999.00000   -999.00000
8	56.7	50	282.66	23.61	99.41 -999.00000   -999.00000
8	56.7	50	282.54	25.37	431.68 0.90969110     -0.70857
8	56.7	50	282.41	26.35	1483.5 0.90969110      0.23048
8	56.7	50	282.29	27.46	2396.33 0.90969110      0.69880
8	56.7	50	282.16	27.42	3104.48 0.90969110      0.90998
8	56.7	50	282.04	26.12	2167.73 0.90969110      0.60885
8	56.7	50	281.91	26.35	1873.78 0.90969110      0.46500
8	56.7	50	281.79	26.73	1645.02 0.83813566      0.31471
8	56.7	50	281.66	28.5	1799.8 0.83813566      0.41748
8	56.7	50	281.54	26.39	1548.05 0.83813566      0.25857
8	56.7	50	281.41	25.18	1564.11 0.83813566      0.27068
8	56.7	50	281.29	24.37	1458.69 0.83813566      0.21180
8	56.7	50	281.16	27	2023.87 0.83813566      0.53183
8	56.7	50	281.04	29.23	1764.12 0.83813566      0.39232
8	56.7	50	280.91	30.04	974.58 0.83813566     -0.10548
8	56.7	50	280.79	29.78	1433.34 0.83813566      0.20084
8	56.7	50	280.66	29.36	1542.77 0.83813566      0.25257
8	56.7	50	280.54	28.61	1748.91 0.81138873      0.38145
8	56.7	50	280.41	28.02	2882.35 0.81138873      0.84709
8	56.7	50	280.29	28.87	3359.2 0.81138873      0.99254
8	56.7	50	280.16	29.68	3139.72 0.81138873      0.92205
8	56.7	50	280.04	29.58	2033.61 0.81138873      0.54843
8	56.7	50	279.91	29.17	3248.32 0.81138873      0.95921
8	56.7	50	279.79	30.54	3916.94 0.81138873      1.09566
8	56.7	50	279.66	31	3805.56 0.81138873      1.07365
8	56.7	50	279.54	30.23	3891.18 0.81138873      1.09092
8	56.7	50	279.41	30.29	3269.41 0.81138873      0.96489
8	56.7	50	279.29	29.25	2372.14 0.78464198      0.69102
8	56.7	50	279.16	27.55	2109.31 0.78464198      0.58288
8	56.7	50	279.04	26.5	1787.02 0.78464198      0.40377
8	56.7	50	278.91	24.93	465.38 0.78464198     -0.62564
8	56.7	50	278.79	23.87	250.16 0.78464198     -1.04929
8	56.7	50	278.66	24.62	121.19 0.78464198     -1.95282
8	56.7	50	278.54	24.65	401.37 0.78464198     -0.75631
8	56.7	50	278.41	27.02	1035.48 0.78464198     -0.04959
8	56.7	50	278.29	27.78	1728.22 0.78464198      0.35643
8	56.7	50	278.16	30.18	1860.91 0.78464198      0.45438
8	56.7	50	278.04	30.76	2013.18 0.75789493      0.52078
8	56.7	50	277.91	28.71	2394.66 0.75789493      0.69680
8	56.7	50	277.79	26.9	1666.65 0.75789493      0.32289
8	56.7	50	277.66	26.83	1572.16 0.75789493      0.27711
8	56.7	50	277.54	26.02	1703.59 0.75789493      0.34397
8	56.7	50	277.41	24.56	1380 0.75789493      0.17707
8	56.7	50	277.29	24.65	1375.34 0.75789493      0.17416
8	56.7	50	277.16	27.07	1733.23 0.75789493      0.36289
8	56.7	50	277.04	27.25	1645.2 0.75789493      0.31628
8	56.7	50	276.91	28.06	1951.21 0.75789493      0.48839
8	56.7	50	276.79	29.56	2848.87 0.74568444      0.84500
8	56.7	50	276.66	30.63	3223.56 0.74568444      0.95043
8	56.7	50	276.54	30.05	2705.28 0.74568444      0.80499
8	56.7	50	276.41	28.6	2290.01 0.74568444      0.65467
8	56.7	50	276.29	26.61	1821.81 0.74568444      0.43256
8	56.7	50	276.16	26.74	1821.84 0.74568444      0.43410
8	56.7	50	276.04	30.02	2577.1 0.74568444      0.76194
8	56.7	50	275.91	29.7	2548.79 0.74568444      0.75476
8	56.7	50	275.79	30.62	2778.2 0.74568444      0.82233
8	56.7	50	275.66	31.25	3080.25 0.74568444      0.89808
8	56.7	50	275.54	28.79	2454.25 0.75335115      0.71710
8	56.7	50	275.41	29.16	2337.5 0.75335115      0.67699
8	56.7	50	275.29	29.54	2221.65 0.75335115      0.63035
8	56.7	50	275.16	29.42	1642.37 0.75335115      0.31314
8	56.7	50	275.04	28.58	409.97 0.75335115     -0.74079
8	56.7	50	274.91	27.54	248.88 0.75335115     -1.05891
8	56.7	50	274.79	28.13	457.07 0.75335115     -0.63924
8	56.7	50	274.66	28.19	757.15 0.75335115     -0.25828
8	56.7	50	274.54	28.19	685.46 0.75335115     -0.35182
8	56.7	50	274.41	30.22	1089.26 0.75335115     -0.01260
8	56.7	50	274.29	30.71	2322.41 0.79769474      0.66777
8	56.7	50	274.16	29.52	2976.75 0.79769474      0.87060
8	56.7	50	274.04	27.65	1898.38 0.79769474      0.47365
8	56.7	50	273.91	25.74	1119.24 0.79769474      0.01678
8	56.7	50	273.79	24.41	837.92 0.79769474     -0.20298
8	56.7	50	273.66	24.04	828.3 0.79769474     -0.21436
8	56.7	50	273.54	25.6	535.37 0.79769474     -0.54086
8	56.7	50	273.41	29.13	433.63 0.79769474     -0.70443
8	56.7	50	273.29	31.6	1341.33 0.79769474      0.15625
8	56.7	50	273.16	31.47	1845.89 0.79769474      0.44486
8	56.7	50	273.04	29.45	1849 0.90802532      0.44663
8	56.7	50	272.91	27.86	986.02 0.90802532     -0.09765
8	56.7	50	272.79	29.61	701.94 0.90802532     -0.31971
8	56.7	50	272.66	33.07	2195.7 0.90802532      0.62238
8	56.7	50	272.54	33.84	3839.04 0.90802532      1.08800
8	56.7	50	272.41	29.82	2418.01 0.90802532      0.70593
8	56.7	50	272.29	24.98	240.6 0.90802532     -1.06991
8	56.7	50	272.16	22.58	63.57 -999.00000   -999.00000
8	56.7	50	272.04	24.03	110.97 0.90802532     -2.05809
8	56.7	50	271.91	24.63	156.7 0.90802532     -1.54216
8	56.7	50	271.79	24.88	138.82 0.90802532     -1.70847
8	56.7	50	271.66	25.03	417.39  1.1576637     -0.72795
8	56.7	50	271.54	27.7	1295.38  1.1576637      0.12843
8	56.7	50	271.41	30.48	3177.26  1.1576637      0.92821
8	56.7	50	271.29	31.41	4323.84  1.1576637      1.16920
8	56.7	50	271.16	29	1751.12  1.1576637      0.38499
8	56.7	50	271.04	27.27	1460.43  1.1576637      0.21371
8	56.7	50	270.91	26.04	596.28  1.1576637     -0.45279
8	56.7	50	270.79	26.05	102.21  1.1576637     -2.36088
8	56.7	50	270.66	28.65	407.27  1.1576637     -0.74750
8	56.7	50	270.54	29.43	883.09  1.1576637     -0.17451
8	56.7	50	270.41	31.14	700.24  1.8948736     -0.32484
8	56.7	50	270.29	30.84	2181.04  1.8948736      0.61561
8	56.7	50	270.16	30.5	2332.56  1.8948736      0.67094
8	56.7	50	270.04	29.65	1187.52  1.8948736      0.07047
8	56.7	50	269.91	27.6	450.82  1.8948736     -0.65772
8	56.7	50	269.79	29.42	450.88  1.8948736     -0.65331
8	56.7	50	269.66	29.49	678.88  1.8948736     -0.35846
8	56.7	50	269.54	26.84	715.96  1.8948736     -0.30783
8	56.7	50	269.41	19.79	27.3 -999.00000   -999.00000
8	56.7	50	269.29	11.68	0.36 -999.00000   -999.00000
8	56.7	50	269.16	7.45	0.04 -999.00000   -999.00000
8	56.7	50	269.04	2.72	0 -999.00000   -999.00000
8	56.7	50	268.91	0	0 -999.00000   -999.00000
9	5.46	50	288.33	26.7	189.78  10.579534     -1.26293
9	5.46	50	288.2	28.02	325.27  1.5712171     -0.87976
9	5.46	50	288.08	30.72	402.72  1.5712171     -0.75090
9	5.46	50	287.95	29	345.21  1.5712171     -0.84586
9	5.46	50	287.83	30.87	668.81  1.5712171     -0.37950
9	5.46	50	287.7	28.14	809.43  1.5712171     -0.22760
9	5.46	50	287.58	26.12	314.64  1.5712171     -0.91459
9	5.46	50	287.45	27.13	209.61  1.5712171     -1.14185
9	5.46	50	287.33	27.19	556.54  1.5712171     -0.51641
9	5.46	50	287.2	25.14	373.84  1.5712171     -0.79586
9	5.46	50	287.08	24.46	201.32  1.5712171     -1.17859
9	5.46	50	286.95	26.4	375.45  1.0792098     -0.79031
9	5.46	50	286.83	27.63	525.55  1.0792098     -0.55981
9	5.46	50	286.7	26.1	342.77  1.0792098     -0.85130
9	5.46	50	286.58	25.54	414.53  1.0792098     -0.73228
9	5.46	50	286.45	25.91	480.73  1.0792098     -0.60163
9	5.46	50	286.33	26.87	890  1.0792098     -0.16534
9	5.46	50	286.2	27.1	969.07  1.0792098     -0.11392
9	5.46	50	286.08	27.11	733.6  1.0792098     -0.28525
9	5.46	50	285.95	25.63	657.58  1.0792098     -0.39416
9	5.46	50	285.83	20.42	376.8  1.0792098     -0.78754
9	5.46	50	285.7	20.96	154.74  1.0792098     -1.55453
9	5.46	50	285.58	22.55	351.11 0.90945554     -0.83282
9	5.46	50	285.45	20.46	313.3 0.90945554     -0.92334
9	5.46	50	285.33	19.91	44.38 -999.00000   -999.00000
9	5.46	50	285.2	19.17	37.4 -999.00000   -999.00000
9	5.46	50	285.08	20.07	94.93 -999.00000   -999.00000
9	5.46	50	284.95	20.14	164.96 0.90945554     -1.41930
9	5.46	50	284.83	20.62	175.77 0.90945554     -1.39818
9	5.46	50	284.7	22.27	332.18 0.90945554     -0.87190
9	5.46	50	284.58	23.46	604.45 0.90945554     -0.44122
9	5.46	50	284.45	25.4	1335.69 0.90945554      0.15020
9	5.46	50	284.33	30.37	994.98 0.80777097     -0.09236
9	5.46	50	284.2	31.18	1084.88 0.80777097     -0.01407
9	5.46	50	284.08	29.17	1118.69 0.80777097      0.01527
9	5.46	50	283.95	27.37	1421.52 0.80777097      0.19679
9	5.46	50	283.83	27.38	1954.64 0.80777097      0.49317
9	5.46	50	283.7	28.74	2248.94 0.80777097      0.63436
9	5.46	50	283.58	30.86	1969.8 0.80777097      0.50207
9	5.46	50	283.45	32.09	1590.75 0.80777097      0.28799
9	5.46	50	283.33	32.09	1151.79 0.80777097      0.04774
9	5.46	50	283.2	29.72	2193.23 0.80777097      0.62042
9	5.46	50	283.08	27	1839.5 0.76816499      0.44114
9	5.46	50	282.95	24.06	1370.15 0.76816499      0.17271
9	5.46	50	282.83	22.12	963.54 0.76816499     -0.11909
9	5.46	50	282.7	23.1	1128.83 0.76816499      0.02884
9	5.46	50	282.58	25.79	1546.18 0.76816499      0.25701
9	5.46	50	282.45	27.33	1864.83 0.76816499      0.46157
9	5.46	50	282.33	26.25	1475.66 0.76816499      0.22393
9	5.46	50	282.2	24.19	640.62 0.76816499     -0.40462
9	5.46	50	282.08	24.45	353.99 0.76816499     -0.83059
9	5.46	50	281.95	22.31	179.34 0.76816499     -1.36454
9	5.46	50	281.83	22.38	477.82 0.76425350     -0.60532
9	5.46	50	281.7	25.03	1107.81 0.76425350      0.00177
9	5.46	50	281.58	28.16	1113.95 0.76425350      0.01051
9	5.46	50	281.45	28.16	648.6 0.76425350     -0.40150
9	5.46	50	281.33	27.22	647.94 0.76425350     -0.40306
9	5.46	50	281.2	28.45	1283.07 0.76425350      0.12316
9	5.46	50	281.08	30.62	2183.18 0.76425350      0.61863
9	5.46	50	280.95	30.02	1413.65 0.76425350      0.19453
9	5.46	50	280.83	33.15	1097.01 0.76425350     -0.00399
9	5.46	50	280.7	29.06	1407.86 0.76425350      0.19139
9	5.46	50	280.58	26.48	1651.98 0.76425350      0.32007
9	5.46	50	280.45	25	1798.99 0.76425350      0.41584
9	5.46	50	280.33	25.07	2076.89 0.76425350      0.56157
9	5.46	50	280.2	26.68	2126.48 0.76425350      0.59095
9	5.46	50	280.08	27.03	1862.89 0.76425350      0.45997
9	5.46	50	279.95	26.42	1701.91 0.76425350      0.34245
9	5.46	50	279.83	26.33	1488.75 0.76425350      0.23351
9	5.46	50	279.7	25.4	1365.17 0.76425350      0.16561
9	5.46	50	279.58	25.52	1508.61 0.76425350      0.23689
9	5.46	50	279.45	28.84	1684.38 0.76425350      0.33622
9	5.46	50	279.33	30.04	1908.62 0.79963386      0.47533
9	5.46	50	279.2	31.15	3506.27 0.79963386      1.01515
9	5.46	50	279.08	32.4	4816.54 0.79963386      1.28094
9	5.46	50	278.95	30.89	3959.93 0.79963386      1.10554
9	5.46	50	278.83	28.49	3138.56 0.79963386      0.91974
9	5.46	50	278.7	29.41	3137.74 0.79963386      0.91745
9	5.46	50	278.58	28.86	3036.22 0.79963386      0.88336
9	5.46	50	278.45	28.68	3033.29 0.79963386      0.87601
9	5.46	50	278.33	26.19	2403.97 0.79963386      0.70085
9	5.46	50	278.2	23.94	1607.24 0.79963386      0.29582
9	5.46	50	278.08	22.58	809.11 0.90996504     -0.22999
9	5.46	50	277.95	26.87	225.23 0.90996504     -1.09932
9	5.46	50	277.83	28.36	720.81 0.90996504     -0.29955
9	5.46	50	277.7	27.05	1566.64 0.90996504      0.27395
9	5.46	50	277.58	28.48	2838.11 0.90996504      0.83682
9	5.46	50	277.45	30.95	4409.55 0.90996504      1.21951
9	5.46	50	277.33	30.37	4993.56 0.90996504      1.32244
9	5.46	50	277.2	26.58	2253.9 0.90996504      0.63633
9	5.46	50	277.08	26.4	1197.51 0.90996504      0.07851
9	5.46	50	276.95	25.83	152.42 0.90996504     -1.56664
9	5.46	50	276.83	26	288.67  1.1596024     -0.96279
9	5.46	50	276.7	26.15	631.69  1.1596024     -0.42118
9	5.46	50	276.58	26.99	906.82  1.1596024     -0.16238
9	5.46	50	276.45	25.63	573.2  1.1596024     -0.48724
9	5.46	50	276.33	22.94	285.03  1.1596024     -0.96626
9	5.46	50	276.2	21.96	55.07 -999.00000   -999.00000
9	5.46	50	276.08	24.51	90.78 -999.00000   -999.00000
9	5.46	50	275.95	27.37	203.92  1.1596024     -1.16674
9	5.46	50	275.83	29.85	370.13  1.1596024     -0.80686
9	5.46	50	275.7	28.91	780.04  1.1596024     -0.24792
9	5.46	50	275.58	27	1035.99  1.1596024     -0.04678
9	5.46	50	275.45	24.7	669.93  1.9940678     -0.37124
9	5.46	50	275.33	25.96	557.55  1.9940678     -0.51259
9	5.46	50	275.2	31.41	1794.26  1.9940678      0.41187
9	5.46	50	275.08	34.48	4390.69  1.9940678      1.20720
9	5.46	50	274.95	35.49	1628.17  1.9940678      0.30365
9	5.46	50	274.83	33.06	619.31  1.9940678     -0.43529
9	5.46	50	274.7	29.81	795.44  1.9940678     -0.24084
9	5.46	50	274.58	25.78	681.59  1.9940678     -0.35457
9	5.46	50	274.45	21.38	468.95  1.9940678     -0.62119
9	5.46	50	274.33	17.37	6.21 -999.00000   -999.00000
9	5.46	50	274.2	13.86	0.66 -999.00000   -999.00000
9	5.46	50	274.08	11.52	0.25 -999.00000   -999.00000
9	5.46	50	273.95	13.04	0.44 -999.00000   -999.00000
9	5.46	50	273.83	15.68	1.3 -999.00000   -999.00000
9	5.46	50	273.7	16.22	1.93 -999.00000   -999.00000
9	5.46	50	273.58	14.78	1.06 -999.00000   -999.00000
9	5.46	50	273.45	13.66	0.66 -999.00000   -999.00000
10	32.9	46.8	288.06	21.11	89.71 -999.00000   -999.00000
10	32.9	46.8	287.93	22.79	197.55  2.0493665     -1.18849
10	32.9	46.8	287.81	21.9	219.93  2.0493665     -1.12865
10	32.9	46.8	287.68	21.25	59.1 -999.00000   -999.00000
10	32.9	46.8	287.56	23.2	133.75  2.0493665     -1.79228
10	32.9	46.8	287.43	21.85	115.54  2.0493665     -1.98334
10	32.9	46.8	287.31	22.72	137.7  2.0493665     -1.73975
10	32.9	46.8	287.18	23.27	284.45  2.0493665     -0.97108
10	32.9	46.8	287.06	20.79	178.46  2.0493665     -1.37129
10	32.9	46.8	286.93	18.3	43.61 -999.00000   -999.00000
10	32.9	46.8	286.81	19.52	53.56 -999.00000   -999.00000
10	32.9	46.8	286.68	21.25	172.3  1.1926280     -1.41392
10	32.9	46.8	286.56	23.59	454.16  1.1926280     -0.64437
10	32.9	46.8	286.43	23.57	576.17  1.1926280     -0.47626
10	32.9	46.8	286.31	22.89	570.04  1.1926280     -0.49140
10	32.9	46.8	286.18	20.99	502.91  1.1926280     -0.57484
10	32.9	46.8	286.06	22.14	677.8  1.1926280     -0.36359
10	32.9	46.8	285.93	24.18	701.18  1.1926280     -0.32179
10	32.9	46.8	285.81	26.13	828.39  1.1926280     -0.21245
10	32.9	46.8	285.68	26.72	1180.25 0.86497957      0.06228
10	32.9	46.8	285.56	27.85	2029.03 0.86497957      0.54293
10	32.9	46.8	285.43	26.88	1439.22 0.86497957      0.20430
10	32.9	46.8	285.31	27.95	1131.34 0.86497957      0.03037
10	32.9	46.8	285.18	30.74	1620.94 0.86497957      0.30084
10	32.9	46.8	285.06	29.64	1721.65 0.86497957      0.35007
10	32.9	46.8	284.93	27.84	1322.54 0.86497957      0.14114
10	32.9	46.8	284.81	26.36	695 0.86497957     -0.33053
10	32.9	46.8	284.68	24.59	33.19 -999.00000   -999.00000
10	32.9	46.8	284.56	22.37	219.99 0.86497957     -1.12349
10	32.9	46.8	284.43	22.51	341.9 0.86497957     -0.85393
10	32.9	46.8	284.31	23.84	240.88 0.72455800     -1.06719
10	32.9	46.8	284.18	24.72	194.25 0.72455800     -1.23585
10	32.9	46.8	284.06	25.37	345.56 0.72455800     -0.84278
10	32.9	46.8	283.93	23.48	407.57 0.72455800     -0.74517
10	32.9	46.8	283.81	22.09	537.73 0.72455800     -0.53680
10	32.9	46.8	283.68	21.78	607.15 0.72455800     -0.43810
10	32.9	46.8	283.56	23.99	843.74 0.72455800     -0.19540
10	32.9	46.8	283.43	25.09	814.08 0.72455800     -0.22280
10	32.9	46.8	283.31	22.87	761.76 0.72455800     -0.25684
10	32.9	46.8	283.18	22.92	908.73 0.72455800     -0.16059
10	32.9	46.8	283.06	23.65	1247.88 0.66437763      0.10565
10	32.9	46.8	282.93	25.32	1730.09 0.66437763      0.35920
10	32.9	46.8	282.81	28.13	1956.11 0.66437763      0.49473
10	32.9	46.8	282.68	29.74	2067.24 0.66437763      0.55855
10	32.9	46.8	282.56	29.03	1355.54 0.66437763      0.16243
10	32.9	46.8	282.43	27.79	924.96 0.66437763     -0.14867
10	32.9	46.8	282.31	26.67	840.97 0.66437763     -0.19673
10	32.9	46.8	282.18	25.06	1052.02 0.66437763     -0.03799
10	32.9	46.8	282.06	24.85	1111.04 0.66437763      0.00428
10	32.9	46.8	281.93	25.94	1078.2 0.66437763     -0.02072
10	32.9	46.8	281.81	25.76	1148.82 0.66437763      0.04363
10	32.9	46.8	281.68	26.26	1145.35 0.66437763      0.03672
10	32.9	46.8	281.56	26.67	1121.23 0.66437763      0.01815
10	32.9	46.8	281.43	26.35	577.35 0.66437763     -0.47194
10	32.9	46.8	281.31	25.11	423.62 0.66437763     -0.72266
10	32.9	46.8	281.18	25.17	558.29 0.66437763     -0.50974
10	32.9	46.8	281.06	25.83	858.84 0.66437763     -0.18234
10	32.9	46.8	280.93	26.85	551.71 0.66437763     -0.52264
10	32.9	46.8	280.81	25.51	437.92 0.66437763     -0.70113
10	32.9	46.8	280.68	27.15	776.22 0.66437763     -0.25187
10	32.9	46.8	280.56	27.22	1270.69 0.67073733      0.11383
10	32.9	46.8	280.43	25.87	955.02 0.67073733     -0.12493
10	32.9	46.8	280.31	25.69	1107.17 0.67073733      0.00042
10	32.9	46.8	280.18	25.15	816.98 0.67073733     -0.22146
10	32.9	46.8	280.06	25.44	1137.86 0.67073733      0.03263
10	32.9	46.8	279.93	27.06	1761.86 0.67073733      0.39079
10	32.9	46.8	279.81	28.65	2458.71 0.67073733      0.72067
10	32.9	46.8	279.68	30.74	3221.36 0.67073733      0.94834
10	32.9	46.8	279.56	31.38	3987.3 0.67073733      1.11798
10	32.9	46.8	279.43	32.11	5861.17 0.67073733      1.50150
10	32.9	46.8	279.31	33.59	7436.12 0.70584249      1.96791
10	32.9	46.8	279.18	32.08	6083.43 0.70584249      1.55236
10	32.9	46.8	279.06	29.72	4075.58 0.70584249      1.13261
10	32.9	46.8	278.93	28.55	2554.79 0.70584249      0.75657
10	32.9	46.8	278.81	27.74	1560.15 0.70584249      0.26779
10	32.9	46.8	278.68	28.19	1584.84 0.70584249      0.28134
10	32.9	46.8	278.56	28.26	2200.82 0.70584249      0.62422
10	32.9	46.8	278.43	27.16	2462.54 0.70584249      0.72235
10	32.9	46.8	278.31	28.31	2688.28 0.70584249      0.79786
10	32.9	46.8	278.18	25.25	2307.65 0.70584249      0.65968
10	32.9	46.8	278.06	26.09	2492.03 0.79945683      0.73377
10	32.9	46.8	277.93	26.22	2290.57 0.79945683      0.65647
10	32.9	46.8	277.81	26.62	2056.34 0.79945683      0.55552
10	32.9	46.8	277.68	26.84	1868.23 0.79945683      0.46321
10	32.9	46.8	277.56	24.99	1566.03 0.79945683      0.27228
10	32.9	46.8	277.43	24.51	1673.89 0.79945683      0.32907
10	32.9	46.8	277.31	25.57	1271.6 0.79945683      0.11522
10	32.9	46.8	277.18	22.9	579.61 0.79945683     -0.47040
10	32.9	46.8	277.06	22.34	205.24 0.79945683     -1.15455
10	32.9	46.8	276.93	25.15	185.04 0.79945683     -1.29081
10	32.9	46.8	276.81	27.11	819.34  1.0100883     -0.21984
10	32.9	46.8	276.68	28.12	1966.03  1.0100883      0.50014
10	32.9	46.8	276.56	28.29	976.93  1.0100883     -0.10189
10	32.9	46.8	276.43	28.19	512.16  1.0100883     -0.56675
10	32.9	46.8	276.31	27.78	1509.83  1.0100883      0.23861
10	32.9	46.8	276.18	24.26	678.48  1.0100883     -0.36138
10	32.9	46.8	276.06	21.27	104.47  1.0100883     -2.28058
10	32.9	46.8	275.93	20.21	41.25 -999.00000   -999.00000
10	32.9	46.8	275.81	19.98	39.81 -999.00000   -999.00000
10	32.9	46.8	275.68	19.2	31.62 -999.00000   -999.00000
10	32.9	46.8	275.56	20.48	49.49 -999.00000   -999.00000
10	32.9	46.8	275.43	23.84	303.38  1.1271994     -0.94028
10	32.9	46.8	275.31	26.37	742.41  1.1271994     -0.26784
10	32.9	46.8	275.18	30.32	1734.93  1.1271994      0.36556
10	32.9	46.8	275.06	31.39	2311.89  1.1271994      0.66414
10	32.9	46.8	274.93	33.18	2284.48  1.1271994      0.64987
10	32.9	46.8	274.81	33.91	2485.18  1.1271994      0.72643
10	32.9	46.8	274.68	30.63	2077.18  1.1271994      0.56366
10	32.9	46.8	274.56	27.44	1810.39  1.1271994      0.42907
10	32.9	46.8	274.43	24.19	687.06  1.1271994     -0.34838
10	32.9	46.8	274.31	22.01	528.43  2.7298365     -0.55563
10	32.9	46.8	274.18	21.57	600.84  2.7298365     -0.44874
10	32.9	46.8	274.06	22.85	1003.71  2.7298365     -0.08175
10	32.9	46.8	273.93	23.12	724.86  2.7298365     -0.29468
10	32.9	46.8	273.81	23.52	78.92 -999.00000   -999.00000
10	32.9	46.8	273.68	23.16	29.69 -999.00000   -999.00000
10	32.9	46.8	273.56	22.5	32.75 -999.00000   -999.00000
10	32.9	46.8	273.43	20.99	16.47 -999.00000   -999.00000
10	32.9	46.8	273.31	17.72	3.46 -999.00000   -999.00000
10	32.9	46.8	273.18	16.37	1.97 -999.00000   -999.00000
11	51.9	46.4	287.79	17.97	47.35 -999.00000   -999.00000
11	51.9	46.4	287.66	17.61	123.41  2.1138446     -1.92712
11	51.9	46.4	287.54	16.34	23.54 -999.00000   -999.00000
11	51.9	46.4	287.41	17.28	16.25 -999.00000   -999.00000
11	51.9	46.4	287.29	19.92	91.34 -999.00000   -999.00000
11	51.9	46.4	287.16	22.13	338.28  2.1138446     -0.86165
11	51.9	46.4	287.04	21.36	445.66  2.1138446     -0.67093
11	51.9	46.4	286.91	24.9	1073.62 0.78851795     -0.02853
11	51.9	46.4	286.79	26	1236.11 0.78851795      0.09448
11	51.9	46.4	286.66	23.24	262.25 0.78851795     -1.01826
11	51.9	46.4	286.54	21.2	97.1 -999.00000   -999.00000
11	51.9	46.4	286.41	26.7	824.52 0.78851795     -0.21588
11	51.9	46.4	286.29	29.9	1571.34 0.78851795      0.27560
11	51.9	46.4	286.16	25.38	572.56 0.78851795     -0.48930
11	51.9	46.4	286.04	22.9	307.69 0.78851795     -0.92579
11	51.9	46.4	285.91	23.78	289.91 0.78851795     -0.95988
11	51.9	46.4	285.79	25.34	247.49 0.78851795     -1.06146
11	51.9	46.4	285.66	26.18	205.05 0.56040972     -1.15704
11	51.9	46.4	285.54	26.31	177.66 0.56040972     -1.38132
11	51.9	46.4	285.41	25.17	103.31 0.56040972     -2.31270
11	51.9	46.4	285.29	28.78	466.52 0.56040972     -0.62410
11	51.9	46.4	285.16	29.25	1160.6 0.56040972      0.05439
11	51.9	46.4	285.04	31.83	3010.43 0.56040972      0.87246
11	51.9	46.4	284.91	31.56	4381.61 0.56040972      1.19993
11	51.9	46.4	284.79	29.46	3961.34 0.56040972      1.10790
11	51.9	46.4	284.66	28.1	2437.39 0.56040972      0.71199
11	51.9	46.4	284.54	30	1798.47 0.56040972      0.41448
11	51.9	46.4	284.41	31.15	1082.97 0.43489543     -0.01524
11	51.9	46.4	284.29	31	717.23 0.43489543     -0.30362
11	51.9	46.4	284.16	32.78	803.05 0.43489543     -0.23283
11	51.9	46.4	284.04	32.54	899.01 0.43489543     -0.16390
11	51.9	46.4	283.91	32.29	955.08 0.43489543     -0.12389
11	51.9	46.4	283.79	32.92	2131.71 0.43489543      0.59230
11	51.9	46.4	283.66	34.04	2334.99 0.43489543      0.67559
11	51.9	46.4	283.54	32.1	1981.76 0.43489543      0.50811
11	51.9	46.4	283.41	29.75	1542.3 0.43489543      0.25133
11	51.9	46.4	283.29	30.19	1137.83 0.43489543      0.03159
11	51.9	46.4	283.16	29.05	717.73 0.39893746     -0.30084
11	51.9	46.4	283.04	26.76	381.17 0.39893746     -0.78565
11	51.9	46.4	282.91	23.76	232.51 0.39893746     -1.07813
11	51.9	46.4	282.79	21.22	163.45 0.39893746     -1.43206
11	51.9	46.4	282.66	22.16	454.24 0.39893746     -0.64253
11	51.9	46.4	282.54	25.7	1792.98 0.39893746      0.40942
11	51.9	46.4	282.41	28.87	3781.66 0.39893746      1.07163
11	51.9	46.4	282.29	30.99	5366.02 0.39893746      1.41911
11	51.9	46.4	282.16	30.93	5661.59 0.39893746      1.47808
11	51.9	46.4	282.04	31.56	6159.67 0.39893746      1.56155
11	51.9	46.4	281.91	32.31	6632.93 0.39893746      1.69307
11	51.9	46.4	281.79	31.39	6055.24 0.38548112      1.54100
11	51.9	46.4	281.66	30.49	5548.07 0.38548112      1.45064
11	51.9	46.4	281.54	29.6	5120.45 0.38548112      1.34711
11	51.9	46.4	281.41	28.12	4337.25 0.38548112      1.17362
11	51.9	46.4	281.29	27.1	3807.93 0.38548112      1.07694
11	51.9	46.4	281.16	29.62	5061.94 0.38548112      1.33963
11	51.9	46.4	281.04	27.49	3807.43 0.38548112      1.07565
11	51.9	46.4	280.91	27.22	3146.46 0.38548112      0.92377
11	51.9	46.4	280.79	26.98	1841.42 0.38548112      0.44234
11	51.9	46.4	280.66	32.44	2444.15 0.38548112      0.71572
11	51.9	46.4	280.54	30	1733.53 0.38460460      0.36404
11	51.9	46.4	280.41	28.92	936.58 0.38460460     -0.14265
11	51.9	46.4	280.29	31.84	2591.09 0.38460460      0.76336
11	51.9	46.4	280.16	33.31	4846.46 0.38460460      1.29533
11	51.9	46.4	280.04	34.03	7106.59 0.38460460      1.86504
11	51.9	46.4	279.91	33.6	7674.84 0.38460460      2.05445
11	51.9	46.4	279.79	31.53	6329.4 0.38460460      1.60217
11	51.9	46.4	279.66	30.29	5945.42 0.38460460      1.52012
11	51.9	46.4	279.54	32.07	6448.35 0.38460460      1.65110
11	51.9	46.4	279.41	32.08	4804.84 0.38460460      1.27842
11	51.9	46.4	279.29	30.13	2670.28 0.39632422      0.79194
11	51.9	46.4	279.16	31.87	3588.6 0.39632422      1.04037
11	51.9	46.4	279.04	31.69	4771.31 0.39632422      1.27676
11	51.9	46.4	278.91	31.86	4932.31 0.39632422      1.29703
11	51.9	46.4	278.79	33.97	5070.1 0.39632422      1.34143
11	51.9	46.4	278.66	30.94	3510.94 0.39632422      1.02029
11	51.9	46.4	278.54	27.91	1419.69 0.39632422      0.19564
11	51.9	46.4	278.41	28.35	1143.84 0.39632422      0.03364
11	51.9	46.4	278.29	29.13	1204.01 0.39632422      0.08363
11	51.9	46.4	278.16	29.82	1764.45 0.39632422      0.39357
11	51.9	46.4	278.04	31.19	3036.57 0.41243148      0.88504
11	51.9	46.4	277.91	32.72	4210.48 0.41243148      1.14758
11	51.9	46.4	277.79	30.34	2791.31 0.41243148      0.82385
11	51.9	46.4	277.66	28.51	2696.06 0.41243148      0.80349
11	51.9	46.4	277.54	28.18	3250.21 0.41243148      0.96103
11	51.9	46.4	277.41	30.85	4239.78 0.41243148      1.15058
11	51.9	46.4	277.29	33.19	4327.09 0.41243148      1.17213
11	51.9	46.4	277.16	34.59	5888.47 0.41243148      1.50802
11	51.9	46.4	277.04	33.08	5431.73 0.41243148      1.42897
11	51.9	46.4	276.91	31.25	4232.83 0.41243148      1.14908
11	51.9	46.4	276.79	30.95	3946.73 0.42248586      1.10343
11	51.9	46.4	276.66	29.96	3460.59 0.42248586      1.00411
11	51.9	46.4	276.54	28.82	3507.55 0.42248586      1.01708
11	51.9	46.4	276.41	29.48	4033.67 0.42248586      1.12502
11	51.9	46.4	276.29	32.34	4711.34 0.42248586      1.26829
11	51.9	46.4	276.16	34.8	6608.31 0.42248586      1.67536
11	51.9	46.4	276.04	34.4	7034.42 0.42248586      1.83167
11	51.9	46.4	275.91	31.87	5823.41 0.42248586      1.49004
11	51.9	46.4	275.79	29.3	3538.69 0.42248586      1.03331
11	51.9	46.4	275.66	27.23	336.97 0.42248586     -0.86511
11	51.9	46.4	275.54	25.31	148.31 0.43837348     -1.58872
11	51.9	46.4	275.41	22.68	103.68 0.43837348     -2.29930
11	51.9	46.4	275.29	19.81	44.93 -999.00000   -999.00000
11	51.9	46.4	275.16	20.03	32.72 -999.00000   -999.00000
11	51.9	46.4	275.04	17.71	21.85 -999.00000   -999.00000
11	51.9	46.4	274.91	19.45	51.29 -999.00000   -999.00000
11	51.9	46.4	274.79	17.63	17.7 -999.00000   -999.00000
11	51.9	46.4	274.66	16.96	5.31 -999.00000   -999.00000
11	51.9	46.4	274.54	15.66	4.88 -999.00000   -999.00000
11	51.9	46.4	274.41	17.33	3.12 -999.00000   -999.00000
11	51.9	46.4	274.29	19.43	35.54 -999.00000   -999.00000
11	51.9	46.4	274.16	19.46	100.79 0.47546116     -2.50956
11	51.9	46.4	274.04	22.51	110.64 0.47546116     -2.06902
11	51.9	46.4	273.91	32.1	385.98 0.47546116     -0.78453
11	51.9	46.4	273.79	37.04	1800.72 0.47546116      0.41883
11	51.9	46.4	273.66	33.32	2256.37 0.47546116      0.63793
11	51.9	46.4	273.54	36.96	3596.22 0.47546116      1.04178
11	51.9	46.4	273.41	37.93	5244.53 0.47546116      1.37796
11	51.9	46.4	273.29	36.38	7035.92 0.47546116      1.83620
11	51.9	46.4	273.16	35.55	7575.29 0.47546116      2.02045
11	51.9	46.4	273.04	35.65	7979.12 0.52160716      2.12061
11	51.9	46.4	272.91	35.53	6973.32 0.52160716      1.79933
11	51.9	46.4	272.79	33.46	5390.42 0.52160716      1.42148
11	51.9	46.4	272.66	30.18	2946.64 0.52160716      0.85790
11	51.9	46.4	272.54	28.24	715.41 0.52160716     -0.31021
11	51.9	46.4	272.41	26.07	260.85 0.52160716     -1.02032
11	51.9	46.4	272.29	27.88	982.45 0.52160716     -0.09900
11	51.9	46.4	272.16	29.68	2893.87 0.52160716      0.85086
11	51.9	46.4	272.04	28.7	3085.85 0.52160716      0.89987
11	51.9	46.4	271.91	25.85	1035.82 0.52160716     -0.04836
11	51.9	46.4	271.79	24.06	469.69 0.52160716     -0.61832
11	51.9	46.4	271.66	25.52	437.17 0.64248663     -0.70270
11	51.9	46.4	271.54	29.78	1308.9 0.64248663      0.13359
11	51.9	46.4	271.41	29.51	1337.11 0.64248663      0.15167
11	51.9	46.4	271.29	31.28	2348.67 0.64248663      0.68303
11	51.9	46.4	271.16	30.42	3537.66 0.64248663      1.02940
11	51.9	46.4	271.04	29.31	2927.69 0.64248663      0.85471
11	51.9	46.4	270.91	32.92	1114.93 0.64248663      0.01183
11	51.9	46.4	270.79	33.98	2767.38 0.64248663      0.82050
11	51.9	46.4	270.66	35.29	4833.55 0.64248663      1.28759
11	51.9	46.4	270.54	31.88	3232.17 0.64248663      0.95534
11	51.9	46.4	270.41	26.77	363.3 0.97660124     -0.82610
11	51.9	46.4	270.29	21.94	97.38 -999.00000   -999.00000
11	51.9	46.4	270.16	20.73	86.43 -999.00000   -999.00000
11	51.9	46.4	270.04	23.72	59.69 -999.00000   -999.00000
11	51.9	46.4	269.91	26.95	280.1 0.97660124     -0.97564
11	51.9	46.4	269.79	27.61	927.82 0.97660124     -0.14711
11	51.9	46.4	269.66	30.6	2121.99 0.97660124      0.58706
11	51.9	46.4	269.54	28.74	975.87 0.97660124     -0.10377
11	51.9	46.4	269.41	25.52	244.4 0.97660124     -1.06437
11	51.9	46.4	269.29	22.93	20.88 -999.00000   -999.00000
11	51.9	46.4	269.16	22.03	20.77 -999.00000   -999.00000
