0.21	-6.165817934	21	-6.165817934	-4.125512659		0.55	5.8
0.41	-5.496768305	41	-5.496768305	-3.757535363			
1.87	-3.979231755	187	-3.979231755	-2.922890261			
2.52	-3.680911284	252	-3.680911284	-2.758814002			
2.66	-3.626844063	266	-3.626844063	-2.72907703			
2.69	-3.615628992	269	-3.615628992	-2.722908741			
2.72	-3.604538306	272	-3.604538306	-2.716808864			
2.9	-3.540459449	290	-3.540459449	-2.681565492			
3.33	-3.402197882	333	-3.402197882	-2.605521631			
3.94	-3.233989463	394	-3.233989463	-2.513007			
4	-3.218875825	400	-3.218875825	-2.504694499			
4.09	-3.196625216	409	-3.196625216	-2.492456664			
4.17	-3.17725415	417.01	-3.17725415	-2.481789389			
4.2	-3.170085661	420.01	-3.170085661	-2.477846814			
4.33	-3.139602644	433	-3.139602644	-2.46109425			
4.37	-3.130407177	437.01	-3.130407177	-2.456024157			
4.4	-3.123565645	440.01	-3.123565645	-2.4522614			
4.54	-3.092243174	454.02	-3.092243174	-2.435022313			
4.72	-3.053361386	472.01	-3.053361386	-2.413649906			
4.79	-3.038639775	479.03	-3.038639775	-2.405530226			
5.04	-2.987764104	504.01	-2.987764104	-2.37757214			
5.78	-2.850766503	578.03	-2.850766503	-2.302205826			
6.04	-2.806766174	604.06	-2.806766174	-2.277979558			
6.08	-2.80016549	608.07	-2.80016549	-2.274340496			
6.56	-2.724179583	656.12	-2.724179583	-2.232510966			
6.57	-2.722656353	657.07	-2.722656353	-2.231715193			
6.73	-2.698595042	673.09	-2.698595042	-2.218466522			
6.87	-2.67800608	687.38	-2.67800608	-2.206912002			
6.9	-2.673648774	690.05	-2.673648774	-2.204779768			
7.06	-2.650725134	706.07	-2.650725134	-2.19215709			
7.08	-2.647896278	708.06	-2.647896278	-2.19060914			
7.14	-2.63945741	714.13	-2.63945741	-2.18591424			
7.32	-2.614559858	732.03	-2.614559858	-2.172298177			
7.45	-2.596956154	745.04	-2.596956154	-2.16260915			
7.59	-2.578338595	759.18	-2.578338595	-2.152268603			
8.02	-2.523231764	802.23	-2.523231764	-2.121932558			
8.04	-2.520741103	804.2	-2.520741103	-2.120583603			
8.34	-2.48410697	834.26	-2.48410697	-2.100400193			
8.44	-2.472187877	844.33	-2.472187877	-2.093801123			
8.54	-2.460409178	854.57	-2.460409178	-2.08717087			
8.59	-2.45457145	859.35	-2.45457145	-2.084103041			
8.64	-2.448767603	864.23	-2.448767603	-2.080988585			
8.65	-2.447610865	866.65	-2.447610865	-2.079450638			
8.91	-2.417995945	891.33	-2.417995945	-2.064006899			
8.95	-2.413516654	895.7	-2.413516654	-2.061316955			
9.13	-2.393604491	913.44	-2.393604491	-2.050530269			
9.24	-2.3816283	926.02	-2.3816283	-2.043007292			
9.53	-2.350725468	953.36	-2.350725468	-2.027004077			
9.73	-2.32995629	973.24	-2.32995629	-2.015653109			
10.09	-2.293625352	1010.1	-2.293625352	-1.995207462			
10.14	-2.288682188	1014.69	-2.288682188	-1.992713866			
10.15	-2.287696481	1015.86	-2.287696481	-1.992080047			
10.22	-2.280823601	1022.39	-2.280823601	-1.988555934			
10.48	-2.255701507	1048.48	-2.255701507	-1.974696774			
10.55	-2.249044326	1064.89	-2.249044326	-1.966155267			
10.66	-2.238671767	1066.64	-2.238671767	-1.96525216			
10.81	-2.224698554	1082.19	-2.224698554	-1.957291875			
10.96	-2.210917904	1096.03	-2.210917904	-1.950302588			
11.05	-2.202739758	1105.62	-2.202739758	-1.945511152			
11.26	-2.183913563	1129.54	-2.183913563	-1.933738838			
11.31	-2.179482896	1132.5	-2.179482896	-1.932299428			
11.4	-2.171556831	1149.7	-2.171556831	-1.924009025			
11.52	-2.161085531	1152.25	-2.161085531	-1.922790493			
11.68	-2.147292209	1168.36	-2.147292209	-1.915154016			
11.75	-2.141316945	1176.03	-2.141316945	-1.911555199			
11.96	-2.123602437	1197.64	-2.123602437	-1.901540472			
12.22	-2.102096232	1225.12	-2.102096232	-1.889063257			
12.35	-2.091514123	1236.52	-2.091514123	-1.883969056			
12.69	-2.064355904	1271.08	-2.064355904	-1.868807784			
13.04	-2.037148629	1304.44	-2.037148629	-1.85455899			
13.14	-2.029509173	1316.57	-2.029509173	-1.849468168			
13.28	-2.018911042	1339.77	-2.018911042	-1.83986072			
13.29	-2.018158313	1332.21	-2.018158313	-1.842973027			
13.4	-2.009915479	1343.25	-2.009915479	-1.838433969			
13.42	-2.008424054	1344.87	-2.008424054	-1.837771052			
13.62	-1.993630885	1366.45	-1.993630885	-1.829015722			
13.66	-1.990698332	1366.66	-1.990698332	-1.828931203			
13.76	-1.983404353	1380.29	-1.983404353	-1.823473104			
13.86	-1.976163192	1386.66	-1.976163192	-1.820940709			
14.02	-1.964685304	1405.69	-1.964685304	-1.81344404			
14.06	-1.9618363	1408.98	-1.9618363	-1.812158275			
14.15	-1.955455562	1418.44	-1.955455562	-1.808477875			
14.23	-1.949817774	1433.02	-1.949817774	-1.802853339			
14.41	-1.937247776	1446.55	-1.937247776	-1.79768482			
14.42	-1.936554054	1449.75	-1.936554054	-1.796469476			
14.43	-1.935860813	1446.72	-1.935860813	-1.797620188			
14.52	-1.929643177	1454.59	-1.929643177	-1.794636356			
14.54	-1.928266714	1458.66	-1.928266714	-1.793099583			
14.69	-1.918003196	1476.75	-1.918003196	-1.786320547			
14.78	-1.91189527	1479.06	-1.91189527	-1.785460884			
15.04	-1.894456867	1507.35	-1.894456867	-1.775040368			
15.07	-1.892464173	1548.07	-1.892464173	-1.76037965			
15.09	-1.891137913	1517.02	-1.891137913	-1.77152326			
15.25	-1.880590683	1531.92	-1.880590683	-1.766147579			
15.27	-1.879280067	1533.03	-1.879280067	-1.765749204			
15.29	-1.877971166	1563.26	-1.877971166	-1.755009235			
15.35	-1.874054712	1544.83	-1.874054712	-1.761531967			
15.37	-1.872752628	1550.33	-1.872752628	-1.7595773			
15.49	-1.864975532	1563.29	-1.864975532	-1.75499868			
15.58	-1.859182146	1603.99	-1.859182146	-1.740862745			
15.66	-1.854060495	1570.88	-1.854060495	-1.752334812			
15.68	-1.852784171	1569.3	-1.852784171	-1.752888284			
15.72	-1.850236399	1581.18	-1.850236399	-1.748740325			
15.89	-1.839480205	1595.39	-1.839480205	-1.743819575			
16.09	-1.826972225	1616.89	-1.826972225	-1.736457093			
16.13	-1.824489294	1619.28	-1.824489294	-1.735644713			
16.22	-1.818925137	1623.93	-1.818925137	-1.734067571			
16.31	-1.813391769	1637.3	-1.813391769	-1.729557898			
16.34	-1.811554097	1657.54	-1.811554097	-1.72280058			
16.37	-1.809719795	1638.97	-1.809719795	-1.728997199			
16.41	-1.807279281	1661.86	-1.807279281	-1.721368995			
16.44	-1.805452796	1704.53	-1.805452796	-1.707425419			
16.44	-1.805452796	1648.6	-1.805452796	-1.725775053			
16.59	-1.796370082	1667.24	-1.796370082	-1.719591336			
16.78	-1.784982485	1682.68	-1.784982485	-1.714521328			
16.96	-1.774312556	1701.31	-1.774312556	-1.708465398			
17.08	-1.767261998	1717.3	-1.767261998	-1.703320287			
17.09	-1.766676689	1784.88	-1.766676689	-1.682091444			
17.26	-1.7567785	1826.7	-1.7567785	-1.669353513			
17.28	-1.755620423	1744.25	-1.755620423	-1.694756031			
17.33	-1.752731082	1736.12	-1.752731082	-1.697325591			
17.35	-1.75157768	1747.74	-1.75157768	-1.693656658			
17.35	-1.75157768	1754.79	-1.75157768	-1.691442541			
17.37	-1.750425606	1743.21	-1.750425606	-1.695084064			
17.43	-1.746977326	1753.14	-1.746977326	-1.69195994			
17.5	-1.742969305	1813.44	-1.742969305	-1.67336052			
17.57	-1.738977284	1984.13	-1.738977284	-1.623885305			
17.61	-1.736703263	1884.41	-1.736703263	-1.652246471			
17.63	-1.73556819	1780.7	-1.73556819	-1.683380997			
17.68	-1.732736129	1878.58	-1.732736129	-1.653950702			
17.71	-1.731040734	1792.85	-1.731040734	-1.679641004			
17.72	-1.730476241	1775.46	-1.730476241	-1.685001847			
17.83	-1.724287754	1825.54	-1.724287754	-1.669702888			
17.86	-1.722606611	1868.07	-1.722606611	-1.6570364			
17.94	-1.718137329	1817.03	-1.718137329	-1.672272782			
17.97	-1.716466485	1844.35	-1.716466485	-1.664064795			
17.98	-1.715910157	1903.42	-1.715910157	-1.646725849			
18.02	-1.713687934	1818.73	-1.713687934	-1.671758446			
18.05	-1.712024501	1881.11	-1.712024501	-1.653210481			
18.09	-1.709810887	1833.56	-1.709810887	-1.667291909			
18.13	-1.707602161	1842.72	-1.707602161	-1.664551089			
18.15	-1.706499625	1904.07	-1.706499625	-1.646538061			
18.16	-1.705948813	1825.56	-1.705948813	-1.669696862			
18.3	-1.698269126	1873.61	-1.698269126	-1.655407718			
18.48	-1.68848112	1877.92	-1.68848112	-1.654143967			
18.57	-1.683622811	1866.66	-1.683622811	-1.657451691			
18.63	-1.680397001	2043.55	-1.680397001	-1.607655926			
18.66	-1.678787991	2043.37	-1.678787991	-1.607704373			
18.67	-1.678252228	1876.1	-1.678252228	-1.654677262			
18.71	-1.676112046	1901.42	-1.676112046	-1.64730406			
18.74	-1.674509909	1957.52	-1.674509909	-1.631311495			
18.85	-1.668657272	1920.62	-1.668657272	-1.641778169			
18.85	-1.668657272	1909.19	-1.668657272	-1.645061109			
18.86	-1.668126909	1986.52	-1.668126909	-1.623223196			
18.88	-1.667067025	1960.95	-1.667067025	-1.630348619			
18.88	-1.667067025	1914.92	-1.667067025	-1.643412881			
18.9	-1.666008264	1918.95	-1.666008264	-1.642256608			
18.9	-1.666008264	1966.33	-1.666008264	-1.628841723			
18.9	-1.666008264	1926.01	-1.666008264	-1.640236819			
19.02	-1.659679129	1950.35	-1.659679129	-1.633329733			
19.08	-1.65652952	1936.71	-1.65652952	-1.637189735			
19.13	-1.653912403	1960.81	-1.653912403	-1.630387887			
19.14	-1.6533898	2067.92	-1.6533898	-1.601135797			
19.16	-1.652345413	1967.82	-1.652345413	-1.628425114			
19.17	-1.651823629	1954.4	-1.651823629	-1.632188814			
19.19	-1.650780876	1954.6	-1.650780876	-1.632132534			
19.2	-1.650259907	1951.62	-1.650259907	-1.632971708			
19.33	-1.643511893	1960.06	-1.643511893	-1.6305983			
19.39	-1.640412717	1963.28	-1.640412717	-1.629695497			
19.43	-1.638351923	1978.54	-1.638351923	-1.625437037			
19.45	-1.637323116	1996.29	-1.637323116	-1.620524845			
19.46	-1.636809109	2046.79	-1.636809109	-1.606784605			
19.47	-1.636295367	1979.39	-1.636295367	-1.625200803			
19.52	-1.633730605	2005.56	-1.633730605	-1.617976769			
19.58	-1.630661549	2015.72	-1.630661549	-1.615197548			
19.59	-1.630150954	2002.58	-1.630150954	-1.618794604			
19.6	-1.62964062	1999.41	-1.62964062	-1.619665921			
19.71	-1.624044065	1994.07	-1.624044065	-1.62113682			
19.79	-1.619993426	2006.3	-1.619993426	-1.61777387			
19.81	-1.618983325	2025.93	-1.618983325	-1.612418727			
19.82	-1.618478657	1999.17	-1.618478657	-1.619731945			
19.85	-1.616966179	2240.19	-1.616966179	-1.557126221			
19.88	-1.615455985	2032.01	-1.615455985	-1.610770599			
19.91	-1.613948068	2035.38	-1.613948068	-1.609859203			
19.92	-1.613445934	2083.34	-1.613445934	-1.59704979			
19.98	-1.610438413	2037.81	-1.610438413	-1.609202961			
19.99	-1.609938037	2055.51	-1.609938037	-1.604446401			
20	-1.609437912	2203.08	-1.609437912	-1.566313587			
20.03	-1.607939036	2035.72	-1.607939036	-1.609767336			
20.07	-1.605944023	2101.93	-1.605944023	-1.592163813			
20.09	-1.604948007	5546.33	-1.604948007	-1.05850955			
20.14	-1.602462299	2178.96	-1.602462299	-1.572368362			
20.2	-1.599487582	2047.12	-1.599487582	-1.606695937			
20.21	-1.598992655	2062.25	-1.598992655	-1.602645906			
20.32	-1.593564563	2081.09	-1.593564563	-1.597644109			
20.38	-1.590616158	2624.17	-1.590616158	-1.470114036			
20.38	-1.590616158	2060.19	-1.590616158	-1.60319558			
20.39	-1.590125601	2062.33	-1.590125601	-1.60262457			
20.42	-1.588655373	2418.8	-1.588655373	-1.514935244			
20.46	-1.586698425	2359.3	-1.586698425	-1.528633866			
20.48	-1.585721386	2097.49	-1.585721386	-1.593326831			
20.55	-1.582309245	2105.47	-1.582309245	-1.5912383			
20.57	-1.581336482	2268.6	-1.581336482	-1.550195001			
20.58	-1.580850456	2142.02	-1.580850456	-1.581772477			
20.58	-1.580850456	2107.58	-1.580850456	-1.590687393			
20.59	-1.580364665	2078.5	-1.580364665	-1.598329033			
20.62	-1.578908707	2085.61	-1.578908707	-1.596450838			
20.62	-1.578908707	2237.77	-1.578908707	-1.557720688			
20.73	-1.57358826	2114.45	-1.57358826	-1.588897494			
20.73	-1.57358826	2107.56	-1.57358826	-1.590692612			
20.73	-1.57358826	2159.43	-1.57358826	-1.577320233			
20.75	-1.572623939	2270.6	-1.572623939	-1.549710334			
20.79	-1.570698084	2127.55	-1.570698084	-1.585500501			
20.79	-1.570698084	2257.46	-1.570698084	-1.552902438			
20.81	-1.569736546	2566.5	-1.569736546	-1.48233589			
20.84	-1.568295969	2173.63	-1.568295969	-1.573715377			
20.85	-1.567816238	2179.92	-1.567816238	-1.572126098			
20.88	-1.566378423	2249.85	-1.566378423	-1.554759646			
20.89	-1.56589961	2179.49	-1.56589961	-1.572234599			
20.91	-1.564942673	2112.93	-1.564942673	-1.589293011			
20.95	-1.56303154	2320.01	-1.56303154	-1.537870274			
20.96	-1.562554327	2250.74	-1.562554327	-1.554542118			
20.99	-1.561124052	2128.64	-1.561124052	-1.585218794			
20.99	-1.561124052	2601.91	-1.561124052	-1.474799412			
20.99	-1.561124052	2115.47	-1.561124052	-1.588632241			
21.01	-1.560171671	2209.34	-1.560171671	-1.564752991			
21.02	-1.559695821	2158.55	-1.559695821	-1.577544412			
21.09	-1.556371191	2375.6	-1.556371191	-1.524847076			
21.1	-1.555897146	2182.49	-1.555897146	-1.571478062			
21.11	-1.555423324	2200.71	-1.555423324	-1.566905577			
21.12	-1.554949727	2153.93	-1.554949727	-1.578722852			
21.16	-1.553057579	2217.23	-1.553057579	-1.562792329			
21.2	-1.551169004	2217.1	-1.551169004	-1.562824577			
21.22	-1.550226053	2285.45	-1.550226053	-1.546124979			
21.25	-1.548813291	2227.6	-1.548813291	-1.560225972			
21.25	-1.548813291	2184.1	-1.548813291	-1.571072482			
21.25	-1.548813291	2297.3	-1.548813291	-1.54328061			
21.26	-1.548342813	2204.1	-1.548342813	-1.566059002			
21.27	-1.547872557	2319.27	-1.547872557	-1.538045732			
21.27	-1.547872557	2231.47	-1.547872557	-1.559271288			
21.32	-1.545524587	2186.17	-1.545524587	-1.570551462			
21.36	-1.543650172	2216.12	-1.543650172	-1.563067741			
21.36	-1.543650172	2581.66	-1.543650172	-1.479096665			
21.38	-1.54271428	2606.95	-1.54271428	-1.473735071			
21.41	-1.541312083	2248.05	-1.541312083	-1.555199851			
21.45	-1.539445541	2215.01	-1.539445541	-1.563343292			
21.48	-1.538047916	3067.48	-1.538047916	-1.384263589			
21.52	-1.536187451	2232.31	-1.536187451	-1.559064288			
21.52	-1.536187451	2237.36	-1.536187451	-1.557821467			
21.54	-1.535258514	2215.25	-1.535258514	-1.563283701			
21.54	-1.535258514	2244.71	-1.535258514	-1.556017611			
21.57	-1.533866726	2206.23	-1.533866726	-1.565527749			
21.57	-1.533866726	2211.11	-1.533866726	-1.564312538			
21.57	-1.533866726	2757.84	-1.533866726	-1.442788326			
21.61	-1.532014015	2689.56	-1.532014015	-1.45657691			
21.64	-1.530626732	2992.62	-1.530626732	-1.397852505			
21.68	-1.528780009	2331.88	-1.528780009	-1.535063452			
21.68	-1.528780009	2297.39	-1.528780009	-1.543259064			
21.69	-1.528318861	2838.64	-1.528318861	-1.426905811			
21.72	-1.526936691	2205.07	-1.526936691	-1.565817007			
21.77	-1.524637311	2308.64	-1.524637311	-1.540572363			
21.78	-1.524178068	2785.15	-1.524178068	-1.437368644			
21.79	-1.523719037	2588.26	-1.523719037	-1.477692387			
21.79	-1.523719037	2274.19	-1.523719037	-1.548841427			
21.8	-1.523260216	2292.7	-1.523260216	-1.544383007			
21.8	-1.523260216	2281.33	-1.523260216	-1.547117363			
21.81	-1.522801606	2248.42	-1.522801606	-1.555109336			
21.85	-1.520969264	2203.32	-1.520969264	-1.566253674			
21.85	-1.520969264	2300.54	-1.520969264	-1.542505464			
21.87	-1.520054351	2301.98	-1.520054351	-1.542161304			
21.9	-1.518683549	2409.93	-1.518683549	-1.516955861			
21.94	-1.516858731	2291.38	-1.516858731	-1.544699756			
21.96	-1.515947569	2251.07	-1.515947569	-1.554461484			
22.01	-1.51367329	2729.43	-1.51367329	-1.448483559			
22.03	-1.512765025	2298.22	-1.512765025	-1.543060396			
22.03	-1.512765025	2223.77	-1.512765025	-1.561172422			
22.06	-1.511404172	2578.89	-1.511404172	-1.479687106			
22.09	-1.510045169	2746.73	-1.510045169	-1.445008484			
22.1	-1.509592577	2259.98	-1.509592577	-1.552288817			
22.12	-1.508688009	3175.54	-1.508688009	-1.365221863			
22.13	-1.508236032	2551.28	-1.508236032	-1.48560724			
22.14	-1.507784259	2294.4	-1.507784259	-1.543975342			
22.14	-1.507784259	2665.83	-1.507784259	-1.461451097			
22.14	-1.507784259	2891.8	-1.507784259	-1.416701066			
22.16	-1.506881324	2670.24	-1.506881324	-1.460542001			
22.19	-1.505528449	2666.6	-1.505528449	-1.461292258			
22.2	-1.505077897	2725.04	-1.505077897	-1.449368888			
22.21	-1.504627548	2300.27	-1.504627548	-1.542570018			
22.22	-1.504177402	2492.49	-1.504177402	-1.498429381			
22.24	-1.503277717	3463.32	-1.503277717	-1.31750938			
22.25	-1.502828177	2918.81	-1.502828177	-1.411587797			
22.27	-1.501929705	2559.18	-1.501929705	-1.483906804			
22.28	-1.501480771	2627.84	-1.501480771	-1.469345378			
22.29	-1.501032039	2386.38	-1.501032039	-1.522356931			
22.3	-1.500583508	2718.82	-1.500583508	-1.450625717			
22.31	-1.500135178	2436.92	-1.500135178	-1.510830376			
22.31	-1.500135178	2410.34	-1.500135178	-1.516862298			
22.33	-1.49923912	3241.1	-1.49923912	-1.353982568			
22.34	-1.498791392	2439.24	-1.498791392	-1.510307013			
22.37	-1.49744941	2456.99	-1.49744941	-1.506319234			
22.38	-1.497002483	2715.82	-1.497002483	-1.451232933			
22.41	-1.495662898	2315.8	-1.495662898	-1.538869236			
22.44	-1.494325105	3048.43	-1.494325105	-1.387689909			
22.46	-1.493434237	2291.6	-1.493434237	-1.544646952			
22.5	-1.491654877	2282.75	-1.491654877	-1.546775125			
22.51	-1.491210531	2592.9	-1.491210531	-1.476707279			
22.51	-1.491210531	2361.64	-1.491210531	-1.528088635			
22.55	-1.48943512	2931.01	-1.48943512	-1.409293706			
22.55	-1.48943512	3405.77	-1.48943512	-1.326725518			
22.55	-1.48943512	2606.11	-1.48943512	-1.473912318			
22.58	-1.488105627	2321.57	-1.488105627	-1.537500572			
22.58	-1.488105627	3067.11	-1.488105627	-1.384329934			
22.59	-1.487662856	2411.2	-1.487662856	-1.516666095			
22.6	-1.48722028	2465.05	-1.48722028	-1.504517946			
22.6	-1.48722028	3240.37	-1.48722028	-1.35410646			
22.64	-1.485451933	3059.88	-1.485451933	-1.385627962			
22.67	-1.484127721	2343.27	-1.484127721	-1.532383532			
22.68	-1.483686707	2371.68	-1.483686707	-1.525755386			
22.71	-1.48236483	2545.3	-1.48236483	-1.48689791			
22.72	-1.481924592	2409.7	-1.481924592	-1.517008354			
22.75	-1.480605041	2935.75	-1.480605041	-1.40840497			
22.75	-1.480605041	2455.88	-1.480605041	-1.506567765			
22.78	-1.479287228	2847.65	-1.479287228	-1.425162846			
22.79	-1.478848343	2651.92	-1.478848343	-1.464328448			
22.79	-1.478848343	2476.55	-1.478848343	-1.501958042			
22.8	-1.47840965	2421.42	-1.47840965	-1.514339817			
22.81	-1.47797115	2726.94	-1.47797115	-1.448985541			
22.81	-1.47797115	2418.53	-1.47797115	-1.514996642			
22.81	-1.47797115	2956.51	-1.47797115	-1.404529361			
22.82	-1.477532842	2370.91	-1.477532842	-1.52593398			
22.85	-1.476219069	3288.71	-1.476219069	-1.345962132			
22.86	-1.475781528	2432.64	-1.475781528	-1.511797199			
22.87	-1.475344178	3048.76	-1.475344178	-1.387630374			
22.89	-1.474470052	2859.04	-1.474470052	-1.422967349			
22.9	-1.474033275	2869.61	-1.474033275	-1.420937724			
22.9	-1.474033275	2597.69	-1.474033275	-1.475692173			
22.92	-1.473160294	3200.73	-1.473160294	-1.360876197			
22.93	-1.472724089	2313.88	-1.472724089	-1.539325424			
22.94	-1.472288074	2579.03	-1.472288074	-1.479657249			
22.95	-1.471852249	2687.59	-1.471852249	-1.456979912			
22.95	-1.471852249	2663.29	-1.471852249	-1.461975386			
22.98	-1.470545914	2376.35	-1.470545914	-1.524673463			
22.98	-1.470545914	2345.17	-1.470545914	-1.531937755			
23	-1.46967597	2577.09	-1.46967597	-1.480071126			
23.01	-1.469241282	2538.79	-1.469241282	-1.488306422			
23.07	-1.466637114	2604.57	-1.466637114	-1.47423742			
23.1	-1.465337568	3637.2	-1.465337568	-1.290566811			
23.1	-1.465337568	3438.83	-1.465337568	-1.321412383			
23.12	-1.464472142	2455.53	-1.464472142	-1.506646153			
23.12	-1.464472142	3394.92	-1.464472142	-1.328480488			
23.12	-1.464472142	3036.86	-1.464472142	-1.389781349			
23.14	-1.463607464	2470.5	-1.463607464	-1.503303289			
23.16	-1.462743533	2589.1	-1.462743533	-1.477513918			
23.16	-1.462743533	2345.69	-1.462743533	-1.531815816			
23.2	-1.461017907	2483.42	-1.461017907	-1.500434443			
23.2	-1.461017907	2453.75	-1.461017907	-1.50704499			
23.24	-1.459295254	2819.21	-1.459295254	-1.430683409			
23.24	-1.459295254	2586.25	-1.459295254	-1.478119674			
23.25	-1.458865054	3208.92	-1.458865054	-1.359470659			
23.27	-1.458005209	3031.62	-1.458005209	-1.390731175			
23.27	-1.458005209	2370.85	-1.458005209	-1.525947899			
23.27	-1.458005209	2611.45	-1.458005209	-1.472786504			
23.3	-1.456716825	3286.59	-1.456716825	-1.346316792			
23.32	-1.455858825	2432.9	-1.455858825	-1.511738418			
23.32	-1.455858825	2719.77	-1.455858825	-1.450433572			
23.36	-1.454145028	4980.72	-1.454145028	-1.117668644			
23.36	-1.454145028	2449.94	-1.454145028	-1.507899653			
23.4	-1.452434164	3388.49	-1.452434164	-1.32952318			
23.45	-1.450299691	2760.93	-1.450299691	-1.442172428			
23.46	-1.449873343	2950.45	-1.449873343	-1.405657861			
23.47	-1.449447176	2770.88	-1.449447176	-1.440193869			
23.48	-1.449021191	2755.57	-1.449021191	-1.443241222			
23.5	-1.448169765	2494.12	-1.448169765	-1.498069818			
23.51	-1.447744323	2485.3	-1.447744323	-1.500018239			
23.52	-1.447319063	2430.92	-1.447319063	-1.512186214			
23.57	-1.445195469	2463.79	-1.445195469	-1.504799148			
23.57	-1.445195469	2508.26	-1.445195469	-1.494960489			
23.57	-1.445195469	2933.17	-1.445195469	-1.408888534			
23.58	-1.444771291	2486.82	-1.444771291	-1.499681964			
23.59	-1.444347293	2813.16	-1.444347293	-1.431864973			
23.61	-1.443499835	2703.79	-1.443499835	-1.453674626			
23.61	-1.443499835	2460.41	-1.443499835	-1.505554195			
23.62	-1.443076375	2506.78	-1.443076375	-1.495285113			
23.64	-1.442229993	3828.04	-1.442229993	-1.262440489			
23.65	-1.441807071	3612.88	-1.441807071	-1.294256716			
23.68	-1.440539376	2778.82	-1.440539376	-1.438620089			
23.68	-1.440539376	3399.92	-1.440539376	-1.32767105			
23.69	-1.440117168	2492.75	-1.440117168	-1.498372011			
23.71	-1.439273286	3447.22	-1.439273286	-1.320072137			
23.72	-1.438851612	2431.69	-1.438851612	-1.512012028			
23.73	-1.438430116	2742.36	-1.438430116	-1.445884222			
23.75	-1.437587656	2469.25	-1.437587656	-1.503581643			
23.76	-1.437166691	2608.51	-1.437166691	-1.473406049			
23.78	-1.436325295	2859.42	-1.436325295	-1.422894253			
23.78	-1.436325295	2667.91	-1.436325295	-1.46102213			
23.79	-1.435904862	2693.32	-1.435904862	-1.455808548			
23.79	-1.435904862	4013.61	-1.435904862	-1.236404499			
23.84	-1.433805344	2624.88	-1.433805344	-1.469965247			
23.84	-1.433805344	2687.38	-1.433805344	-1.457022889			
23.85	-1.433385969	2522.99	-1.433385969	-1.491740008			
23.87	-1.432547746	2512.16	-1.432547746	-1.494105979			
23.87	-1.432547746	2637.16	-1.432547746	-1.467398177			
23.89	-1.431710225	2510.74	-1.431710225	-1.494416955			
23.91	-1.430873405	2938.79	-1.430873405	-1.407835734			
23.92	-1.430455257	3548.66	-1.430455257	-1.304121059			
23.94	-1.429619486	3430.77	-1.429619486	-1.322702997			
23.94	-1.429619486	4001.24	-1.429619486	-1.238102224			
23.97	-1.428367138	2760.41	-1.428367138	-1.442276026			
23.99	-1.427533109	3242.74	-1.427533109	-1.353704338			
24.01	-1.426699776	2924.58	-1.426699776	-1.410501612			
24.03	-1.425867136	2513.97	-1.425867136	-1.493709849			
24.04	-1.425451076	3232.3	-1.425451076	-1.35547792			
24.06	-1.424619475	3776.15	-1.424619475	-1.269946862			
24.06	-1.424619475	2875.69	-1.424619475	-1.419773642			
24.09	-1.423373369	2755.69	-1.423373369	-1.443217271			
24.15	-1.420885806	2678.85	-1.420885806	-1.458771418			
24.18	-1.419644341	3119.18	-1.419644341	-1.375071016			
24.19	-1.419230861	3059.62	-1.419230861	-1.385674698			
24.19	-1.419230861	3106.06	-1.419230861	-1.377389323			
24.26	-1.416341282	3462.02	-1.416341282	-1.317715868			
24.26	-1.416341282	3104.48	-1.416341282	-1.37766917			
24.27	-1.415929166	2683.24	-1.415929166	-1.457870836			
24.29	-1.415105443	2768.69	-1.415105443	-1.44062874			
24.32	-1.413871129	2910.01	-1.413871129	-1.413248512			
24.32	-1.413871129	2767.99	-1.413871129	-1.440767813			
24.32	-1.413871129	2738.41	-1.413871129	-1.446676994			
24.33	-1.413460029	2734.03	-1.413460029	-1.447557405			
24.34	-1.413049098	2649.74	-1.413049098	-1.464780759			
24.36	-1.412227743	2735.38	-1.412227743	-1.447285895			
24.37	-1.411817318	3895.69	-1.411817318	-1.252805649			
24.38	-1.411407062	3899.52	-1.411407062	-1.252265189			
24.38	-1.411407062	3293.64	-1.411407062	-1.345138262			
24.38	-1.411407062	2663.15	-1.411407062	-1.462004299			
24.39	-1.410996974	2662.92	-1.410996974	-1.462051801			
24.39	-1.410996974	3090.31	-1.410996974	-1.380185321			
24.39	-1.410996974	2556.81	-1.410996974	-1.484416383			
24.4	-1.410587054	3466.09	-1.410587054	-1.31706966			
24.41	-1.410177302	3278.92	-1.410177302	-1.347601842			
24.43	-1.409358301	3273.26	-1.409358301	-1.34855206			
24.44	-1.408949052	2489.46	-1.408949052	-1.499098396			
24.45	-1.40853997	2798.99	-1.40853997	-1.434642346			
24.46	-1.408131056	2619.49	-1.408131056	-1.471095793			
24.46	-1.408131056	2647.32	-1.408131056	-1.465283302			
24.49	-1.406905315	3115.11	-1.406905315	-1.375789141			
24.49	-1.406905315	2770.24	-1.406905315	-1.440320919			
24.49	-1.406905315	2573.81	-1.406905315	-1.480771586			
24.5	-1.406497068	4428.53	-1.406497068	-1.182297361			
24.51	-1.406088988	2541.78	-1.406088988	-1.487659054			
24.51	-1.406088988	4124.89	-1.406088988	-1.221362953			
24.54	-1.404865747	3489.37	-1.404865747	-1.313387934			
24.56	-1.404051083	2567.82	-1.404051083	-1.482053087			
24.56	-1.404051083	3836	-1.404051083	-1.26129801			
24.59	-1.40283033	2492.19	-1.40283033	-1.498495583			
24.6	-1.402423743	4020.26	-1.402423743	-1.235493979			
24.6	-1.402423743	3736.02	-1.402423743	-1.275823116			
24.62	-1.401611065	3318.66	-1.401611065	-1.340975999			
24.62	-1.401611065	2583.19	-1.401611065	-1.478770808			
24.63	-1.401204974	3191.37	-1.401204974	-1.362486936			
24.63	-1.401204974	2619.7	-1.401204974	-1.471051702			
24.64	-1.400799047	2694.56	-1.400799047	-1.455555387			
24.65	-1.400393285	2866.37	-1.400393285	-1.421559065			
24.65	-1.400393285	3840.34	-1.400393285	-1.260676099			
24.66	-1.399987688	3412.09	-1.399987688	-1.325705843			
24.67	-1.399582255	2761.04	-1.399582255	-1.442150515			
24.7	-1.398366942	3139.93	-1.398366942	-1.371424318			
24.71	-1.397962166	3624.27	-1.397962166	-1.292525508			
24.72	-1.397557553	2666.25	-1.397557553	-1.461364452			
24.73	-1.397153104	2724.8	-1.397153104	-1.44941733			
24.78	-1.39513331	3498.92	-1.39513331	-1.311884704			
24.82	-1.393520406	3849.18	-1.393520406	-1.25941152			
24.84	-1.392714929	2947.02	-1.392714929	-1.406297627			
24.85	-1.392312433	3596.04	-1.392312433	-1.296826315			
24.87	-1.391507928	2596.12	-1.391507928	-1.476024684			
24.88	-1.391105918	3508.44	-1.391105918	-1.310390275			
24.88	-1.391105918	2626.82	-1.391105918	-1.469558903			
24.9	-1.390302383	3563.62	-1.390302383	-1.301807311			
24.91	-1.389900857	2567.16	-1.389900857	-1.48219447			
24.91	-1.389900857	4126.76	-1.389900857	-1.221113669			
24.93	-1.389098288	2958.38	-1.389098288	-1.404181595			
24.96	-1.387895642	2978.48	-1.387895642	-1.40045739			
24.97	-1.387495082	2762.44	-1.387495082	-1.441871706			
24.97	-1.387495082	4772.23	-1.387495082	-1.141187061			
24.97	-1.387495082	2859.73	-1.387495082	-1.422834628			
24.98	-1.387094681	2825.56	-1.387094681	-1.42944598			
24.98	-1.387094681	2738.6	-1.387094681	-1.446638834			
24.99	-1.386694441	3832.59	-1.386694441	-1.261787148			
24.99	-1.386694441	4065.03	-1.386694441	-1.229402979			
25	-1.386294361	3163.9	-1.386294361	-1.367241602			
25	-1.386294361	4298.99	-1.386294361	-1.198625535			
25.01	-1.385894441	2752.1	-1.385894441	-1.443934255			
25.03	-1.385095081	3744.92	-1.385095081	-1.274514456			
25.03	-1.385095081	2920.39	-1.385095081	-1.411290154			
25.03	-1.385095081	3610.81	-1.385095081	-1.294571928			
25.05	-1.384296358	2682.78	-1.384296358	-1.457965133			
25.06	-1.383897237	3558.02	-1.383897237	-1.302672281			
25.07	-1.383498274	3054.21	-1.383498274	-1.386648065			
25.07	-1.383498274	4583.89	-1.383498274	-1.163333206			
25.08	-1.38309947	3633.9	-1.38309947	-1.291066048			
25.09	-1.382700826	3323.08	-1.382700826	-1.340243962			
25.11	-1.381904013	2769.73	-1.381904013	-1.440422183			
25.11	-1.381904013	2934.62	-1.381904013	-1.408616711			
25.12	-1.381505844	4322.35	-1.381505844	-1.195645017			
25.12	-1.381505844	3693.14	-1.381505844	-1.282172222			
25.13	-1.381107834	3079.62	-1.381107834	-1.38209118			
25.13	-1.381107834	2692.93	-1.381107834	-1.455888195			
25.14	-1.380709983	2887.84	-1.380709983	-1.417454747			
25.15	-1.380312289	2654.51	-1.380312289	-1.463791552			
25.15	-1.380312289	3331.98	-1.380312289	-1.3387729			
25.15	-1.380312289	2700.04	-1.380312289	-1.454437973			
25.17	-1.379517377	3075.29	-1.379517377	-1.382865033			
25.17	-1.379517377	2620.31	-1.379517377	-1.470923649			
25.18	-1.379120157	4082.11	-1.379120157	-1.22709689			
25.2	-1.378326191	3008.02	-1.378326191	-1.395029466			
25.23	-1.377136423	3076.09	-1.377136423	-1.382721976			
25.25	-1.37634403	4082.2	-1.37634403	-1.227084764			
25.25	-1.37634403	2804.79	-1.37634403	-1.433503828			
25.25	-1.37634403	4832.65	-1.37634403	-1.134267362			
25.29	-1.374761125	3624.49	-1.374761125	-1.292492123			
25.31	-1.373970611	3124.51	-1.373970611	-1.374131988			
25.31	-1.373970611	3806.19	-1.373970611	-1.265588818			
25.31	-1.373970611	2955.89	-1.373970611	-1.404644712			
25.31	-1.373970611	2679.31	-1.373970611	-1.458676982			
25.32	-1.373575589	2851.95	-1.373575589	-1.424332963			
25.32	-1.373575589	4262.09	-1.373575589	-1.203366789			
25.34	-1.372786011	3064.53	-1.372786011	-1.384792779			
25.34	-1.372786011	2781.49	-1.372786011	-1.438091881			
25.37	-1.371602812	2719.5	-1.371602812	-1.450488175			
25.37	-1.371602812	2968.68	-1.371602812	-1.402270021			
25.37	-1.371602812	2882.56	-1.371602812	-1.418461263			
25.38	-1.371208724	3110.56	-1.371208724	-1.376593071			
25.4	-1.370421012	3291.53	-1.370421012	-1.34549072			
25.4	-1.370421012	3481.02	-1.370421012	-1.314705652			
25.4	-1.370421012	3875.69	-1.370421012	-1.255636555			
25.4	-1.370421012	3905.17	-1.370421012	-1.251468873			
25.42	-1.36963392	3639.17	-1.36963392	-1.290268998			
25.44	-1.368847448	3472.43	-1.368847448	-1.316064546			
25.44	-1.368847448	3681.86	-1.368847448	-1.283854664			
25.5	-1.366491734	3580.59	-1.366491734	-1.299194421			
25.5	-1.366491734	3178.9	-1.366491734	-1.364640223			
25.51	-1.366099654	3835.05	-1.366099654	-1.261434237			
25.51	-1.366099654	3272.61	-1.366099654	-1.348661289			
25.51	-1.366099654	2988.92	-1.366099654	-1.398532932			
25.52	-1.365707728	4060.61	-1.365707728	-1.230001332			
25.52	-1.365707728	2989.17	-1.365707728	-1.39848693			
25.52	-1.365707728	2796.4	-1.365707728	-1.435151515			
25.54	-1.364924335	2968.53	-1.364924335	-1.402297812			
25.57	-1.363750397	3828.6	-1.363750397	-1.262360036			
25.58	-1.36335939	3303.45	-1.36335939	-1.343502539			
25.59	-1.362968536	3483.6	-1.362968536	-1.314298164			
25.59	-1.362968536	3440.86	-1.362968536	-1.321087804			
25.6	-1.362577835	3095.37	-1.362577835	-1.379285501			
25.62	-1.36179689	2896.73	-1.36179689	-1.415764214			
25.63	-1.361406646	2656.67	-1.361406646	-1.463344194			
25.63	-1.361406646	4121.08	-1.361406646	-1.221871201			
25.63	-1.361406646	3359.4	-1.361406646	-1.334265284			
25.63	-1.361406646	3220.58	-1.361406646	-1.357475789			
25.63	-1.361406646	3136.2	-1.361406646	-1.372078065			
25.66	-1.360236827	3375.82	-1.360236827	-1.331583555			
25.67	-1.359847191	3690.14	-1.359847191	-1.282619178			
25.69	-1.359068375	3676.17	-1.359068375	-1.284705299			
25.7	-1.358679194	4016.67	-1.358679194	-1.235985336			
25.7	-1.358679194	4362.98	-1.358679194	-1.190499176			
25.72	-1.357901287	3784.3	-1.357901287	-1.268761085			
25.72	-1.357901287	3879.44	-1.357901287	-1.255104649			
25.74	-1.357123984	3693.24	-1.357123984	-1.28215733			
25.76	-1.356347285	3674.81	-1.356347285	-1.28490881			
25.76	-1.356347285	3724.82	-1.356347285	-1.277474406			
25.77	-1.355959161	2761.17	-1.355959161	-1.44212462			
25.77	-1.355959161	4983.95	-1.355959161	-1.117312084			
25.78	-1.355571188	3259.59	-1.355571188	-1.350853815			
25.79	-1.355183366	4125.18	-1.355183366	-1.221324286			
25.8	-1.354795694	3335.26	-1.354795694	-1.338231746			
25.81	-1.354408172	3213.63	-1.354408172	-1.35866397			
25.81	-1.354408172	3807.35	-1.354408172	-1.265421222			
25.82	-1.354020801	3728.55	-1.354020801	-1.276923917			
25.82	-1.354020801	2618.19	-1.354020801	-1.471368815			
25.83	-1.353633579	2735.42	-1.353633579	-1.447277853			
25.83	-1.353633579	3441.84	-1.353633579	-1.32093118			
25.85	-1.352859585	4463.14	-1.352859585	-1.178015692			
25.85	-1.352859585	3620.82	-1.352859585	-1.293049311			
25.86	-1.352472813	3573.23	-1.352472813	-1.300326125			
25.86	-1.352472813	2851.79	-1.352472813	-1.42436382			
25.87	-1.35208619	3542.02	-1.35208619	-1.305151144			
25.88	-1.351699716	4072.74	-1.351699716	-1.228360801			
25.88	-1.351699716	3682.3	-1.351699716	-1.28378894			
25.91	-1.350541191	4188.27	-1.350541191	-1.212976328			
25.91	-1.350541191	3940.98	-1.350541191	-1.246448414			
25.91	-1.350541191	3071.73	-1.350541191	-1.38350209			
25.92	-1.350155315	3107.25	-1.350155315	-1.377178647			
25.94	-1.349384007	4107.97	-1.349384007	-1.223623652			
25.94	-1.349384007	2818.83	-1.349384007	-1.430757549			
25.94	-1.349384007	3672.2	-1.349384007	-1.285299581			
25.96	-1.348613294	3153.55	-1.348613294	-1.369043755			
25.98	-1.347843175	3173.1	-1.347843175	-1.365644631			
25.99	-1.347458337	3746.18	-1.347458337	-1.274329437			
26	-1.347073648	2888.67	-1.347073648	-1.417296693			
26	-1.347073648	3836.11	-1.347073648	-1.261282239			
26.01	-1.346689107	4481.21	-1.346689107	-1.175793392			
26.01	-1.346689107	3041.65	-1.346689107	-1.388914524			
26.01	-1.346689107	3032.65	-1.346689107	-1.390544343			
26.02	-1.346304713	4004.39	-1.346304713	-1.237669404			
26.02	-1.346304713	4305.59	-1.346304713	-1.197781798			
26.03	-1.345920467	4461.61	-1.345920467	-1.178204268			
26.04	-1.345536369	4601.66	-1.345536369	-1.161205187			
26.04	-1.345536369	3200.28	-1.345536369	-1.360953528			
26.05	-1.345152418	3081.54	-1.345152418	-1.381748387			
26.05	-1.345152418	2707.21	-1.345152418	-1.452979375			
26.06	-1.344768614	3858.89	-1.344768614	-1.258025829			
26.07	-1.344384958	2701.54	-1.344384958	-1.454132507			
26.07	-1.344384958	2867.85	-1.344384958	-1.421275155			
26.09	-1.343618087	5101.03	-1.343618087	-1.104541232			
26.1	-1.343234872	2952.77	-1.343234872	-1.405225555			
26.11	-1.342851803	3989.1	-1.342851803	-1.239773494			
26.12	-1.342468882	2919.11	-1.342468882	-1.41153127			
26.12	-1.342468882	3014.37	-1.342468882	-1.393869627			
26.12	-1.342468882	4779.73	-1.342468882	-1.140323364			
26.12	-1.342468882	2926.64	-1.342468882	-1.410114343			
26.13	-1.342086106	3724.73	-1.342086106	-1.277487695			
26.13	-1.342086106	3441.39	-1.342086106	-1.321003094			
26.14	-1.341703478	3177.55	-1.341703478	-1.364873844			
26.15	-1.341320995	3036.46	-1.341320995	-1.389853797			
26.15	-1.341320995	3727.65	-1.341320995	-1.277056692			
26.15	-1.341320995	3246.69	-1.341320995	-1.353034788			
26.17	-1.340556469	3620.01	-1.340556469	-1.293172363			
26.18	-1.340174426	2823.05	-1.340174426	-1.429934773			
26.19	-1.339792527	2823.62	-1.339792527	-1.429823734			
26.19	-1.339792527	5022.97	-1.339792527	-1.113022831			
26.21	-1.339029169	4010.88	-1.339029169	-1.236778729			
26.22	-1.338647708	2804.68	-1.338647708	-1.433525399			
26.22	-1.338647708	4912.57	-1.338647708	-1.125246122			
26.25	-1.337504197	4100.66	-1.337504197	-1.224603232			
26.26	-1.337123317	2800.09	-1.337123317	-1.434426239			
26.26	-1.337123317	3771.35	-1.337123317	-1.270646431			
26.27	-1.336742582	3644.92	-1.336742582	-1.289400667			
26.28	-1.336361992	4267.52	-1.336361992	-1.202666522			
26.3	-1.335601247	3196.67	-1.335601247	-1.361574293			
26.31	-1.335221091	2980.85	-1.335221091	-1.400019924			
26.31	-1.335221091	2808.66	-1.335221091	-1.432745471			
26.32	-1.33484108	5581.71	-1.33484108	-1.055012247			
26.32	-1.33484108	4434.76	-1.33484108	-1.181524172			
26.33	-1.334461212	3345.34	-1.334461212	-1.336572014			
26.33	-1.334461212	2892.38	-1.334461212	-1.416590766			
26.33	-1.334461212	4121.75	-1.334461212	-1.22178179			
26.34	-1.33408149	5262.36	-1.33408149	-1.087415819			
26.34	-1.33408149	3079.09	-1.33408149	-1.382185842			
26.35	-1.333701911	4118.5	-1.333701911	-1.222215636			
26.35	-1.333701911	4508.78	-1.333701911	-1.172419963			
26.35	-1.333701911	3212.35	-1.333701911	-1.35888308			
26.36	-1.333322476	4617.51	-1.333322476	-1.159314017			
26.36	-1.333322476	3331	-1.333322476	-1.338934689			
26.37	-1.332943186	5152.07	-1.332943186	-1.09906538			
26.37	-1.332943186	3379.41	-1.332943186	-1.330998971			
26.39	-1.332185035	4187.05	-1.332185035	-1.213136561			
26.4	-1.331806176	3015.45	-1.331806176	-1.393672607			
26.4	-1.331806176	3837.51	-1.331806176	-1.261081551			
26.42	-1.331048887	4343.91	-1.331048887	-1.192908421			
26.44	-1.330292171	4178.82	-1.330292171	-1.214218696			
26.45	-1.329914028	2834.2	-1.329914028	-1.427766756			
26.45	-1.329914028	3218.37	-1.329914028	-1.357853335			
26.48	-1.328780455	5245.72	-1.328780455	-1.089157718			
26.48	-1.328780455	3047.27	-1.328780455	-1.387899237			
26.48	-1.328780455	4299.98	-1.328780455	-1.198498892			
26.5	-1.328025453	4437.02	-1.328025453	-1.181243958			
26.52	-1.327271021	4185.86	-1.327271021	-1.213292898			
26.52	-1.327271021	4387.39	-1.327271021	-1.187430612			
26.52	-1.327271021	3206.88	-1.327271021	-1.359820421			
26.54	-1.326517157	4681.5	-1.326517157	-1.151744382			
26.57	-1.325387426	4394.56	-1.325387426	-1.18653252			
26.57	-1.325387426	3823.43	-1.325387426	-1.263103238			
26.58	-1.325011133	3293.15	-1.325011133	-1.345220092			
26.58	-1.325011133	4911.9	-1.325011133	-1.125321139			
26.61	-1.323883101	4207.07	-1.323883101	-1.210513053			
26.61	-1.323883101	3992.19	-1.323883101	-1.239347623			
26.61	-1.323883101	3783.63	-1.323883101	-1.26885847			
26.61	-1.323883101	4482.81	-1.323883101	-1.175597051			
26.62	-1.323507373	4020.68	-1.323507373	-1.235436523			
26.62	-1.323507373	4718.34	-1.323507373	-1.147433223			
26.63	-1.323131786	5352.05	-1.323131786	-1.078120781			
26.64	-1.32275634	4209.54	-1.32275634	-1.210190239			
26.67	-1.321630848	3507.97	-1.321630848	-1.310463959			
26.67	-1.321630848	3788.23	-1.321630848	-1.268190206			
26.68	-1.321255965	3601.2	-1.321255965	-1.296037679			
26.68	-1.321255965	4794.48	-1.321255965	-1.138628706			
26.69	-1.320881223	3605.62	-1.320881223	-1.29536304			
26.7	-1.320506621	2859.78	-1.320506621	-1.422825012			
26.7	-1.320506621	3494.52	-1.320506621	-1.312576782			
26.71	-1.320132159	4769.64	-1.320132159	-1.14148564			
26.72	-1.319757837	4790.64	-1.319757837	-1.139069389			
26.72	-1.319757837	3852.25	-1.319757837	-1.25897303			
26.73	-1.319383656	2993.66	-1.319383656	-1.397661401			
26.73	-1.319383656	4318.02	-1.319383656	-1.196196266			
26.74	-1.319009614	3129.09	-1.319009614	-1.373326371			
26.74	-1.319009614	4495.84	-1.319009614	-1.174000708			
26.76	-1.318261951	3403.79	-1.318261951	-1.327045362			
26.76	-1.318261951	3279.94	-1.318261951	-1.347430775			
26.76	-1.318261951	3057.17	-1.318261951	-1.386115288			
26.77	-1.317888328	3040.3	-1.317888328	-1.389158689			
26.8	-1.316768298	4228.32	-1.316768298	-1.207741983			
26.83	-1.315649522	3145.57	-1.315649522	-1.370437284			
26.83	-1.315649522	3706.49	-1.315649522	-1.280187661			
26.83	-1.315649522	3866.05	-1.315649522	-1.257006274			
26.83	-1.315649522	4255.16	-1.315649522	-1.204261796			
26.84	-1.315276874	3950.37	-1.315276874	-1.245139512			
26.84	-1.315276874	3399.96	-1.315276874	-1.32766458			
26.84	-1.315276874	4552.23	-1.315276874	-1.167145124			
26.85	-1.314904365	3060.14	-1.314904365	-1.38558123			
26.85	-1.314904365	3236.71	-1.314904365	-1.354728037			
26.87	-1.314159763	3597.53	-1.314159763	-1.296598472			
26.87	-1.314159763	3577	-1.314159763	-1.299746143			
26.87	-1.314159763	2912.23	-1.314159763	-1.412829086			
26.88	-1.31378767	4127.22	-1.31378767	-1.221052365			
26.9	-1.313043899	4356.65	-1.313043899	-1.191297719			
26.93	-1.311929279	3167.32	-1.311929279	-1.366647404			
26.94	-1.311558015	3193.75	-1.311558015	-1.36207692			
26.95	-1.311186889	2975.1	-1.311186889	-1.401081888			
26.96	-1.3108159	3413.29	-1.3108159	-1.325512447			
26.97	-1.310445049	3327.84	-1.310445049	-1.339456702			
26.98	-1.310074335	4539.42	-1.310074335	-1.168695009			
26.99	-1.309703759	3605.82	-1.309703759	-1.295332533			
27	-1.30933332	3265.65	-1.30933332	-1.349832243			
27	-1.30933332	4723.87	-1.30933332	-1.146788988			
27	-1.30933332	4539.5	-1.30933332	-1.168685316			
27	-1.30933332	3735.99	-1.30933332	-1.275827533			
27.01	-1.308963018	3233.47	-1.308963018	-1.355278871			
27.02	-1.308592853	3643.14	-1.308592853	-1.289669326			
27.02	-1.308592853	4728.95	-1.308592853	-1.146197842			
27.02	-1.308592853	3737.48	-1.308592853	-1.275608223			
27.03	-1.308222826	4400.3	-1.308222826	-1.1858146			
27.03	-1.308222826	4386.99	-1.308222826	-1.187480758			
27.03	-1.308222826	4565.89	-1.308222826	-1.165497195			
27.04	-1.307852935	4732.72	-1.307852935	-1.145759547			
27.05	-1.307483181	4523.4	-1.307483181	-1.170639439			
27.05	-1.307483181	3177.27	-1.307483181	-1.364922311			
27.05	-1.307483181	4271.64	-1.307483181	-1.202135791			
27.06	-1.307113563	5994.02	-1.307113563	-1.015815329			
27.06	-1.307113563	3293.83	-1.307113563	-1.345106535			
27.06	-1.307113563	4467.86	-1.307113563	-1.177434346			
27.07	-1.306744082	4162.46	-1.306744082	-1.216376161			
27.07	-1.306744082	4440.23	-1.306744082	-1.180846199			
27.1	-1.305636458	3679.07	-1.305636458	-1.284271595			
27.1	-1.305636458	6517.93	-1.305636458	-0.969728334			
27.11	-1.305267522	5905.44	-1.305267522	-1.024003919			
27.11	-1.305267522	2960.91	-1.305267522	-1.403711437			
27.11	-1.305267522	3451.89	-1.305267522	-1.319327548			
27.11	-1.305267522	3444.6	-1.305267522	-1.320490313			
27.11	-1.305267522	3530.34	-1.305267522	-1.306967796			
27.13	-1.304530059	2922.61	-1.304530059	-1.410872218			
27.14	-1.304161532	3366.83	-1.304161532	-1.33305019			
27.15	-1.30379314	3491.22	-1.30379314	-1.313096412			
27.16	-1.303424883	3353.16	-1.303424883	-1.335287845			
27.16	-1.303424883	5178.54	-1.303424883	-1.096246857			
27.17	-1.303056763	5960.83	-1.303056763	-1.018869243			
27.18	-1.302688777	3685.3	-1.302688777	-1.283341033			
27.19	-1.302320927	3275.54	-1.302320927	-1.348169089			
27.2	-1.301953213	3501.34	-1.301953213	-1.311504433			
27.22	-1.301218189	3369.94	-1.301218189	-1.33254238			
27.22	-1.301218189	3992.69	-1.301218189	-1.239278742			
27.22	-1.301218189	5868.46	-1.301218189	-1.02745886			
27.23	-1.300850879	3059.97	-1.300850879	-1.385611785			
27.25	-1.300116665	4370.2	-1.300116665	-1.189589771			
27.27	-1.299382989	4206.02	-1.299382989	-1.210650339			
27.27	-1.299382989	4187.43	-1.299382989	-1.213086647			
27.3	-1.298283484	3961.04	-1.298283484	-1.243655957			
27.33	-1.297185186	5276.66	-1.297185186	-1.08592327			
27.33	-1.297185186	4597.83	-1.297185186	-1.161663147			
27.35	-1.296453657	3427.88	-1.296453657	-1.3231665			
27.37	-1.295722663	2862.93	-1.295722663	-1.42221953			
27.37	-1.295722663	4158.52	-1.295722663	-1.216897014			
27.37	-1.295722663	2940.92	-1.295722663	-1.407437245			
27.38	-1.295357366	5016.14	-1.295357366	-1.113771204			
27.38	-1.295357366	4692.64	-1.295357366	-1.150437168			
27.4	-1.294627173	4451.05	-1.294627173	-1.179507584			
27.42	-1.293897512	5846.48	-1.293897512	-1.029522723			
27.44	-1.293168383	4554.39	-1.293168383	-1.166884215			
27.45	-1.292804018	5512.13	-1.292804018	-1.061911481			
27.46	-1.292439786	5142.33	-1.292439786	-1.10010614			
27.48	-1.291711719	4680.1	-1.291711719	-1.151908884			
27.49	-1.291347884	6556.43	-1.291347884	-0.96648916			
27.5	-1.290984181	3002.5	-1.290984181	-1.396039695			
27.5	-1.290984181	3066.67	-1.290984181	-1.384408841			
27.53	-1.289893867	2953.74	-1.289893867	-1.405044906			
27.53	-1.289893867	3766.89	-1.289893867	-1.271297247			
27.54	-1.289530693	3002.88	-1.289530693	-1.395970091			
27.55	-1.28916765	3599.3	-1.28916765	-1.296327936			
27.55	-1.28916765	4864.31	-1.28916765	-1.130675915			
27.56	-1.28880474	2951.99	-1.28880474	-1.405370861			
27.56	-1.28880474	3086.18	-1.28880474	-1.380920852			
27.57	-1.288441961	4634.42	-1.288441961	-1.157303516			
27.57	-1.288441961	3446.71	-1.288441961	-1.320153512			
27.58	-1.288079314	4774.01	-1.288079314	-1.140981954			
27.6	-1.287354413	3210.82	-1.287354413	-1.359145101			
27.61	-1.28699216	3688.82	-1.28699216	-1.282815954			
27.63	-1.286268047	5260.52	-1.286268047	-1.087608162			
27.63	-1.286268047	3369.62	-1.286268047	-1.332594608			
27.63	-1.286268047	3288.55	-1.286268047	-1.345988891			
27.64	-1.285906187	3054.23	-1.285906187	-1.386644463			
27.64	-1.285906187	2995.14	-1.285906187	-1.39738956			
27.65	-1.285544458	3728.78	-1.285544458	-1.27688999			
27.65	-1.285544458	4663.38	-1.285544458	-1.153877318			
27.67	-1.284821392	4268.04	-1.284821392	-1.202599509			
27.67	-1.284821392	2948.47	-1.284821392	-1.406027081			
27.68	-1.284460055	4572.76	-1.284460055	-1.164670268			
27.69	-1.284098849	4108.19	-1.284098849	-1.223594198			
27.7	-1.283737773	2999.1	-1.283737773	-1.396662863			
27.7	-1.283737773	3346.43	-1.283737773	-1.336392838			
27.7	-1.283737773	4065.38	-1.283737773	-1.229355626			
27.74	-1.282294771	5985.83	-1.282294771	-1.016567341			
27.74	-1.282294771	4334.15	-1.282294771	-1.194145565			
27.75	-1.281934346	4382.41	-1.281934346	-1.188055256			
27.78	-1.280853849	4506.22	-1.280853849	-1.172732331			
27.78	-1.280853849	4287.83	-1.280853849	-1.200055169			
27.79	-1.280493942	3703.96	-1.280493942	-1.280563212			
27.8	-1.280134165	3542.68	-1.280134165	-1.30504867			
27.81	-1.279774518	4779.75	-1.279774518	-1.140321062			
27.82	-1.279414999	3513.7	-1.279414999	-1.309566309			
27.82	-1.279414999	3106.81	-1.279414999	-1.377256535			
27.84	-1.278696351	3365.38	-1.278696351	-1.33328711			
27.84	-1.278696351	4106.54	-1.278696351	-1.223815143			
27.85	-1.27833722	4814.03	-1.27833722	-1.136390582			
27.86	-1.277978218	3520.06	-1.277978218	-1.308571677			
27.86	-1.277978218	3860.56	-1.277978218	-1.257787859			
27.86	-1.277978218	3772.02	-1.277978218	-1.27054873			
27.87	-1.277619344	3622.68	-1.277619344	-1.292766851			
27.88	-1.2772606	3770.45	-1.2772606	-1.2707777			
27.91	-1.276185138	4210.69	-1.276185138	-1.210040005			
27.92	-1.275826908	3979.67	-1.275826908	-1.241075201			
27.92	-1.275826908	4240.67	-1.275826908	-1.206137895			
27.93	-1.275468806	5248.17	-1.275468806	-1.088900902			
27.93	-1.275468806	5766.99	-1.275468806	-1.037051942			
27.93	-1.275468806	3782.93	-1.275468806	-1.268960234			
27.95	-1.274752986	3926.34	-1.274752986	-1.248495365			
27.97	-1.274037679	4547.53	-1.274037679	-1.167713271			
27.98	-1.273680217	3793.2	-1.273680217	-1.267469102			
28	-1.272965676	3769.46	-1.272965676	-1.270922131			
28.01	-1.272608597	3437.17	-1.272608597	-1.321677944			
28.02	-1.272251645	3752.09	-1.272251645	-1.273462437			
28.02	-1.272251645	5684.35	-1.272251645	-1.044990365			
28.02	-1.272251645	3127.27	-1.272251645	-1.373646366			
28.03	-1.271894821	5276.85	-1.271894821	-1.085903466			
28.05	-1.271181554	3663.67	-1.271181554	-1.286578639			
28.06	-1.270825111	6344	-1.270825111	-0.98460438			
28.06	-1.270825111	4757.21	-1.270825111	-1.142920847			
28.07	-1.270468796	3867.02	-1.270468796	-1.256868295			
28.1	-1.26940061	5247.39	-1.26940061	-1.088982651			
28.11	-1.269044801	3236.13	-1.269044801	-1.354826602			
28.12	-1.268689119	4778.03	-1.268689119	-1.140519016			
28.12	-1.268689119	7149.25	-1.268689119	-0.918880496			
28.13	-1.268333563	3270.07	-1.268333563	-1.349088331			
28.13	-1.268333563	4769.11	-1.268333563	-1.141546759			
28.14	-1.267978134	4606.21	-1.267978134	-1.16066163			
28.14	-1.267978134	3623.43	-1.267978134	-1.292652996			
28.15	-1.267622831	5536.65	-1.267622831	-1.059470303			
28.15	-1.267622831	4198.46	-1.267622831	-1.211639811			
28.15	-1.267622831	3480.44	-1.267622831	-1.314797299			
28.16	-1.267267655	3397.95	-1.267267655	-1.327989827			
28.16	-1.267267655	3929.95	-1.267267655	-1.24798991			
28.16	-1.267267655	3464.6	-1.267267655	-1.317306144			
28.17	-1.266912604	3698.4	-1.266912604	-1.281389435			
28.18	-1.26655768	2955.66	-1.26655768	-1.40468751			
28.18	-1.26655768	6068.21	-1.26655768	-1.009049579			
28.19	-1.266202881	4104.42	-1.266202881	-1.224099154			
28.19	-1.266202881	3508.45	-1.266202881	-1.310388707			
28.19	-1.266202881	3576.15	-1.266202881	-1.299876855			
28.19	-1.266202881	3504.46	-1.266202881	-1.311014553			
28.19	-1.266202881	4403.84	-1.266202881	-1.185372308			
28.19	-1.266202881	3331.16	-1.266202881	-1.338908271			
28.2	-1.265848208	5183.42	-1.265848208	-1.095728808			
28.24	-1.264430773	3539.41	-1.264430773	-1.305556571			
28.26	-1.263722809	5634.95	-1.263722809	-1.049791046			
28.26	-1.263722809	5026.82	-1.263722809	-1.112601429			
28.29	-1.262661801	3861.98	-1.262661801	-1.257585594			
28.29	-1.262661801	3805.93	-1.262661801	-1.265626389			
28.3	-1.262308381	4688.94	-1.262308381	-1.150870997			
28.3	-1.262308381	4359.53	-1.262308381	-1.190934257			
28.31	-1.261955087	5556.57	-1.261955087	-1.05749504			
28.31	-1.261955087	3366.58	-1.261955087	-1.333091031			
28.31	-1.261955087	5519.28	-1.261955087	-1.061198517			
28.33	-1.261248872	3335.64	-1.261248872	-1.338169086			
28.33	-1.261248872	3154.7	-1.261248872	-1.368843224			
28.35	-1.260543156	3892.61	-1.260543156	-1.25324066			
28.35	-1.260543156	3978.84	-1.260543156	-1.241189921			
28.36	-1.260190484	3474.11	-1.260190484	-1.315798514			
28.36	-1.260190484	3556.81	-1.260190484	-1.302859355			
28.39	-1.259133216	5015.73	-1.259133216	-1.113816161			
28.41	-1.25842899	6581.51	-1.25842899	-0.964389285			
28.42	-1.258077063	3762.07	-1.258077063	-1.272001461			
28.44	-1.257373581	3287.92	-1.257373581	-1.346094266			
28.45	-1.257022025	3243.85	-1.257022025	-1.353516104			
28.45	-1.257022025	3542.92	-1.257022025	-1.305011411			
28.45	-1.257022025	4128.07	-1.257022025	-1.220939105			
28.48	-1.255968099	4544.47	-1.255968099	-1.168083487			
28.48	-1.255968099	5686.11	-1.255968099	-1.044820099			
28.49	-1.255617037	5987.56	-1.255617037	-1.016408406			
28.5	-1.255266099	6393.65	-1.255266099	-0.980316676			
28.5	-1.255266099	3612.97	-1.255266099	-1.294243015			
28.5	-1.255266099	4649.8	-1.255266099	-1.155481282			
28.51	-1.254915283	4245.57	-1.254915283	-1.205502749			
28.51	-1.254915283	5269.27	-1.254915283	-1.086694088			
28.51	-1.254915283	5547.06	-1.254915283	-1.058437165			
28.53	-1.254214021	3807.66	-1.254214021	-1.265376442			
28.53	-1.254214021	4607.44	-1.254214021	-1.160514783			
28.54	-1.253863574	3219.42	-1.253863574	-1.357673926			
28.55	-1.25351325	5409.79	-1.25351325	-1.072218945			
28.56	-1.253163049	4579.6	-1.253163049	-1.163848185			
28.56	-1.253163049	4062.09	-1.253163049	-1.229800906			
28.57	-1.25281297	5017.24	-1.25281297	-1.113650607			
28.58	-1.252463013	3267.97	-1.252463013	-1.349441648			
28.59	-1.25211318	3867.97	-1.25211318	-1.256733195			
28.6	-1.251763468	5150.01	-1.251763468	-1.099285336			
28.61	-1.251413879	3570.66	-1.251413879	-1.300721848			
28.61	-1.251413879	4609.91	-1.251413879	-1.160220013			
28.62	-1.251064412	3226.26	-1.251064412	-1.356506632			
28.63	-1.250715067	3349.51	-1.250715067	-1.33588686			
28.63	-1.250715067	4807.5	-1.250715067	-1.137137137			
28.64	-1.250365844	4040.57	-1.250365844	-1.232722422			
28.65	-1.250016743	3272.27	-1.250016743	-1.348718433			
28.65	-1.250016743	5323.71	-1.250016743	-1.081040861			
28.66	-1.249667764	5694.61	-1.249667764	-1.043998534			
28.66	-1.249667764	3305.83	-1.249667764	-1.34310643			
28.68	-1.24897017	5901.29	-1.24897017	-1.024390562			
28.7	-1.248273063	3146.69	-1.248273063	-1.370241488			
28.7	-1.248273063	5955.85	-1.248273063	-1.019328935			
28.71	-1.247924692	3672.31	-1.247924692	-1.285283106			
28.71	-1.247924692	5265.66	-1.247924692	-1.087071025			
28.74	-1.246880305	5465.31	-1.246880305	-1.066603132			
28.74	-1.246880305	5558.21	-1.246880305	-1.057332734			
28.74	-1.246880305	5122.94	-1.246880305	-1.102183925			
28.74	-1.246880305	3849.87	-1.246880305	-1.259312937			
28.76	-1.246184653	3889.13	-1.246184653	-1.253732581			
28.78	-1.245489485	6087.46	-1.245489485	-1.007307592			
28.78	-1.245489485	4324.95	-1.245489485	-1.195314278			
28.78	-1.245489485	3344.52	-1.245489485	-1.336706845			
28.79	-1.245142081	5333.25	-1.245142081	-1.080056152			
28.81	-1.244447637	3739.5	-1.244447637	-1.275311045			
28.81	-1.244447637	5058.18	-1.244447637	-1.109180892			
28.81	-1.244447637	4820.61	-1.244447637	-1.135639335			
28.82	-1.244100595	4904.43	-1.244100595	-1.126158213			
28.82	-1.244100595	6389.55	-1.244100595	-0.980669483			
28.83	-1.243753674	5552.04	-1.243753674	-1.057943611			
28.83	-1.243753674	4436.34	-1.243753674	-1.181328255			
28.83	-1.243753674	6013.03	-1.243753674	-1.014073767			
28.84	-1.243406874	4254.01	-1.243406874	-1.204410459			
28.84	-1.243406874	4568.38	-1.243406874	-1.165197336			
28.85	-1.243060193	3431.8	-1.243060193	-1.322537899			
28.85	-1.243060193	4629.3	-1.243060193	-1.157911479			
28.85	-1.243060193	3550.25	-1.243060193	-1.303874684			
28.85	-1.243060193	4426.04	-1.243060193	-1.182606693			
28.86	-1.242713633	5922.22	-1.242713633	-1.022443338			
28.87	-1.242367192	6246.2	-1.242367192	-0.993149293			
28.87	-1.242367192	6668.66	-1.242367192	-0.957154179			
28.89	-1.241674672	4968.16	-1.241674672	-1.119057344			
28.91	-1.24098263	4317.58	-1.24098263	-1.196252314			
28.91	-1.24098263	4372.3	-1.24098263	-1.189325544			
28.91	-1.24098263	4714.53	-1.24098263	-1.14787752			
28.91	-1.24098263	3584.21	-1.24098263	-1.298638649			
28.91	-1.24098263	3671.04	-1.24098263	-1.285473346			
28.92	-1.240636789	3828.58	-1.240636789	-1.262362909			
28.94	-1.239945465	3479.68	-1.239945465	-1.314917412			
28.95	-1.239599982	3306.61	-1.239599982	-1.342976674			
28.96	-1.239254618	4913.16	-1.239254618	-1.125180071			
28.97	-1.238909374	5688.86	-1.238909374	-1.044554164			
28.99	-1.238219243	3528.9	-1.238219243	-1.307192182			
29	-1.237874356	4626.12	-1.237874356	-1.158289419			
29	-1.237874356	3679.28	-1.237874356	-1.284240202			
29	-1.237874356	4651.12	-1.237874356	-1.155325169			
29	-1.237874356	3245.21	-1.237874356	-1.353285562			
29.01	-1.237529588	4962.11	-1.237529588	-1.119727517			
29.03	-1.236840408	4258.54	-1.236840408	-1.203825088			
29.04	-1.236495996	4091.94	-1.236495996	-1.225774045			
29.05	-1.236151703	3622.73	-1.236151703	-1.29275926			
29.06	-1.235807528	4313.86	-1.235807528	-1.196726394			
29.07	-1.235463471	4743.83	-1.235463471	-1.144469942			
29.07	-1.235463471	4506.35	-1.235463471	-1.172716464			
29.08	-1.235119533	3302.66	-1.235119533	-1.343634084			
29.1	-1.234432012	3746.88	-1.234432012	-1.274226675			
29.11	-1.234088428	3834.9	-1.234088428	-1.261455749			
29.12	-1.233744963	4035.38	-1.233744963	-1.233429336			
29.12	-1.233744963	3481.67	-1.233744963	-1.314602962			
29.13	-1.233401615	4142.11	-1.233401615	-1.219071671			
29.13	-1.233401615	4217.37	-1.233401615	-1.209168156			
29.13	-1.233401615	3346.63	-1.233401615	-1.336359968			
29.13	-1.233401615	4117.01	-1.233401615	-1.222414652			
29.14	-1.233058385	5878.18	-1.233058385	-1.026548642			
29.15	-1.232715273	4644.58	-1.232715273	-1.156099075			
29.16	-1.232372279	4915.55	-1.232372279	-1.124912589			
29.16	-1.232372279	5253.5	-1.232372279	-1.08834261			
29.17	-1.232029402	6165.32	-1.232029402	-1.000317574			
29.17	-1.232029402	4035.69	-1.232029402	-1.233387087			
29.19	-1.231344001	3656.32	-1.231344001	-1.287683149			
29.19	-1.231344001	4162.72	-1.231344001	-1.216341808			
29.21	-1.23065907	4800.01	-1.23065907	-1.137994696			
29.23	-1.229974607	4687.12	-1.229974607	-1.15108452			
29.25	-1.229290612	6367.11	-1.229290612	-0.982604474			
29.25	-1.229290612	5297.14	-1.229290612	-1.083792718			
29.25	-1.229290612	4085.6	-1.229290612	-1.226626869			
29.26	-1.22894879	5033.39	-1.22894879	-1.111883054			
29.27	-1.228607085	3458.01	-1.228607085	-1.318353293			
29.29	-1.227924025	4955.88	-1.227924025	-1.120418484			
29.3	-1.22758267	3374.67	-1.22758267	-1.331770949			
29.3	-1.22758267	4582.35	-1.22758267	-1.163518015			
29.3	-1.22758267	3723.36	-1.22758267	-1.277690029			
29.3	-1.22758267	6468.69	-1.22758267	-0.973899108			
29.31	-1.227241431	5858.69	-1.227241431	-1.028375281			
29.33	-1.226559303	4891.8	-1.226559303	-1.127576413			
29.34	-1.226218413	4211.29	-1.226218413	-1.209961639			
29.36	-1.225536982	4478.77	-1.225536982	-1.176092946			
29.37	-1.225196441	4799.09	-1.225196441	-1.138100122			
29.4	-1.224175512	4341.56	-1.224175512	-1.193206045			
29.41	-1.223835433	6078.74	-1.223835433	-1.008096006			
29.42	-1.223495471	4584.37	-1.223495471	-1.163275616			
29.42	-1.223495471	3392.88	-1.223495471	-1.328811082			
29.43	-1.223155624	3826.09	-1.223155624	-1.26272073			
29.45	-1.222476276	4053.1	-1.222476276	-1.231019485			
29.45	-1.222476276	6914.45	-1.222476276	-0.937247213			
29.45	-1.222476276	6046.79	-1.222476276	-1.010994443			
29.45	-1.222476276	4285.28	-1.222476276	-1.200382355			
29.45	-1.222476276	4794	-1.222476276	-1.138683772			
29.46	-1.222136775	4799.15	-1.222136775	-1.138093246			
29.46	-1.222136775	4143.31	-1.222136775	-1.218912355			
29.46	-1.222136775	6907.34	-1.222136775	-0.937813059			
29.47	-1.221797389	7009.75	-1.221797389	-0.929718476			
29.48	-1.221458119	6981.67	-1.221458119	-0.931926118			
29.49	-1.221118963	3627.88	-1.221118963	-1.291977946			
29.51	-1.220440997	4288.11	-1.220440997	-1.200019255			
29.52	-1.220102186	5928.75	-1.220102186	-1.021837228			
29.54	-1.219424909	4306.61	-1.219424909	-1.197651518			
29.54	-1.219424909	5175.65	-1.219424909	-1.096553882			
29.55	-1.219086442	3685.18	-1.219086442	-1.283358942			
29.55	-1.219086442	6785.82	-1.219086442	-0.947575269			
29.56	-1.21874809	5804.87	-1.21874809	-1.033451125			
29.57	-1.218409852	4203.66	-1.218409852	-1.210959031			
29.58	-1.218071729	4991.61	-1.218071729	-1.11646742			
29.6	-1.217395825	5528.59	-1.217395825	-1.060271551			
29.6	-1.217395825	8080.45	-1.217395825	-0.851538436			
29.61	-1.217058044	3662.94	-1.217058044	-1.28668824			
29.62	-1.216720377	8023.94	-1.216720377	-0.855398331			
29.64	-1.216045386	5685.13	-1.216045386	-1.0449149			
29.64	-1.216045386	4685.65	-1.216045386	-1.151257041			
29.65	-1.215708061	4152.52	-1.215708061	-1.217691138			
29.66	-1.215370849	3426.94	-1.215370849	-1.323317342			
29.68	-1.214696768	6107.72	-1.214696768	-1.005480147			
29.68	-1.214696768	5861.87	-1.214696768	-1.028076831			
29.7	-1.21402314	5518.79	-1.21402314	-1.061247348			
29.72	-1.213349966	5165.23	-1.213349966	-1.097662299			
29.72	-1.213349966	7047.58	-1.213349966	-0.926758234			
29.74	-1.212677245	5041.24	-1.212677245	-1.111025951			
29.75	-1.212341054	4517.3	-1.212341054	-1.171381638			
29.77	-1.211669011	4626.27	-1.211669011	-1.158271586			
29.78	-1.211333159	4411.34	-1.211333159	-1.184436423			
29.78	-1.211333159	4286.9	-1.211333159	-1.200174473			
29.81	-1.210326278	3776.44	-1.210326278	-1.269904625			
29.82	-1.209990877	4736.09	-1.209990877	-1.145368051			
29.82	-1.209990877	5400.01	-1.209990877	-1.073214154			
29.82	-1.209990877	4746.45	-1.209990877	-1.144166263			
29.84	-1.209320411	4259.28	-1.209320411	-1.203729524			
29.85	-1.208985346	6345.14	-1.208985346	-0.984505556			
29.85	-1.208985346	3355.13	-1.208985346	-1.334964812			
29.88	-1.207980826	4132.12	-1.207980826	-1.220399771			
29.9	-1.207311706	4561.34	-1.207311706	-1.166045555			
29.91	-1.206977313	5065.03	-1.206977313	-1.108436563			
29.91	-1.206977313	3731.33	-1.206977313	-1.27651399			
29.94	-1.205974807	5093.58	-1.205974807	-1.105345089			
29.94	-1.205974807	3502.46	-1.205974807	-1.311328528			
29.94	-1.205974807	3877.11	-1.205974807	-1.25543508			
29.95	-1.205640861	5033.63	-1.205640861	-1.11185683			
29.96	-1.205307027	6456.59	-1.205307027	-0.974928874			
29.99	-1.204306193	7361.14	-1.204306193	-0.90281645			
30	-1.203972804	7888.4	-1.203972804	-0.864768267			
30	-1.203972804	4798.47	-1.203972804	-1.138171182			
30	-1.203972804	4733.53	-1.203972804	-1.145665423			
30.01	-1.203639527	7535.45	-1.203639527	-0.889944393			
30.02	-1.20330636	4436.83	-1.20330636	-1.18126751			
30.02	-1.20330636	3840.38	-1.20330636	-1.260670371			
30.02	-1.20330636	5579.1	-1.20330636	-1.055269486			
30.02	-1.20330636	4415.65	-1.20330636	-1.18389932			
30.03	-1.202973304	4920.19	-1.202973304	-1.124393665			
30.03	-1.202973304	4674.1	-1.202973304	-1.15261445			
30.04	-1.202640359	5494.18	-1.202640359	-1.063705454			
30.04	-1.202640359	3978.58	-1.202640359	-1.241225862			
30.04	-1.202640359	4912.62	-1.202640359	-1.125240524			
30.05	-1.202307525	3958.16	-1.202307525	-1.244055998			
30.05	-1.202307525	5710.28	-1.202307525	-1.042487164			
30.06	-1.201974802	5812.11	-1.201974802	-1.032765577			
30.06	-1.201974802	5097.12	-1.201974802	-1.104962976			
30.12	-1.199980783	4014.33	-1.199980783	-1.236305844			
30.13	-1.199648833	5683.28	-1.199648833	-1.045093905			
30.15	-1.198985263	4336.79	-1.198985263	-1.193810653			
30.17	-1.198322133	5033.94	-1.198322133	-1.111822959			
30.18	-1.197990733	4878.91	-1.197990733	-1.129027588			
30.18	-1.197990733	5964.64	-1.197990733	-1.018517811			
30.19	-1.197659442	4156.83	-1.197659442	-1.217120576			
30.21	-1.196997191	3503.24	-1.196997191	-1.311206057			
30.21	-1.196997191	7037.53	-1.196997191	-0.927543106			
30.21	-1.196997191	4596.1	-1.196997191	-1.161870132			
30.22	-1.196666229	4111.26	-1.196666229	-1.223183344			
30.23	-1.196335377	6713.51	-1.196335377	-0.953467544			
30.23	-1.196335377	6489.12	-1.196335377	-0.972164786			
30.23	-1.196335377	6914.18	-1.196335377	-0.93726869			
30.24	-1.196004635	4699.87	-1.196004635	-1.14959043			
30.27	-1.195013063	7567.44	-1.195013063	-0.887614438			
30.28	-1.194682757	3866.95	-1.194682757	-1.256878251			
30.29	-1.194352561	5187.96	-1.194352561	-1.095247291			
30.29	-1.194352561	6298.41	-1.194352561	-0.988571125			
30.29	-1.194352561	8974.42	-1.194352561	-0.793826527			
30.3	-1.194022473	4231.24	-1.194022473	-1.207362295			
30.31	-1.193692495	3565.34	-1.193692495	-1.301541915			
30.32	-1.193362625	3902.77	-1.193362625	-1.25180699			
30.32	-1.193362625	5473.27	-1.193362625	-1.065802662			
30.32	-1.193362625	4705.7	-1.193362625	-1.1489086			
30.32	-1.193362625	4766.93	-1.193362625	-1.141798226			
30.34	-1.192703212	4039.6	-1.192703212	-1.232854474			
30.34	-1.192703212	5825.31	-1.192703212	-1.031517877			
30.35	-1.192373668	4760.89	-1.192373668	-1.142495553			
30.37	-1.191714907	4868.41	-1.191714907	-1.130212529			
30.37	-1.191714907	4031.98	-1.191714907	-1.233892933			
30.37	-1.191714907	8030.56	-1.191714907	-0.854944751			
30.39	-1.191056579	5174.83	-1.191056579	-1.096641028			
30.4	-1.190727578	6790.33	-1.190727578	-0.947209849			
30.42	-1.190069899	6579.66	-1.190069899	-0.964543907			
30.43	-1.189741222	4726.25	-1.189741222	-1.146511955			
30.45	-1.189084192	5675.05	-1.189084192	-1.045890941			
30.48	-1.188099455	6225.26	-1.188099455	-0.994996232			
30.49	-1.187771425	8597.07	-1.187771425	-0.8174528			
30.5	-1.187443502	5382.56	-1.187443502	-1.074994343			
30.51	-1.187115687	4815.9	-1.187115687	-1.136176978			
30.54	-1.186132886	5548.83	-1.186132886	-1.058261694			
30.54	-1.186132886	6970.94	-1.186132886	-0.932772053			
30.55	-1.1858055	6996.53	-1.1858055	-0.930756725			
30.55	-1.1858055	4829.12	-1.1858055	-1.134669256			
30.56	-1.185478222	5202.33	-1.185478222	-1.093725965			
30.6	-1.184170177	5676.89	-1.184170177	-1.045712645			
30.6	-1.184170177	6149.69	-1.184170177	-1.001713676			
30.6	-1.184170177	5181.99	-1.184170177	-1.095880563			
30.61	-1.183843433	5276.16	-1.183843433	-1.085975388			
30.62	-1.183516796	8554.69	-1.183516796	-0.820170778			
30.62	-1.183516796	5840.2	-1.183516796	-1.030113823			
30.62	-1.183516796	5245.18	-1.183516796	-1.089214339			
30.63	-1.183190265	5373.99	-1.183190265	-1.075870739			
30.63	-1.183190265	6286.56	-1.183190265	-0.989606885			
30.63	-1.183190265	5140.18	-1.183190265	-1.100336142			
30.64	-1.182863841	3080.13	-1.182863841	-1.382000104			
30.65	-1.182537524	5049.04	-1.182537524	-1.110175627			
30.67	-1.181885208	4091.54	-1.181885208	-1.225827812			
30.69	-1.181233317	4605.24	-1.181233317	-1.160777464			
30.69	-1.181233317	4237.85	-1.181233317	-1.206503761			
30.71	-1.180581852	5393.41	-1.180581852	-1.073886786			
30.72	-1.180256278	7107.9	-1.180256278	-0.922070834			
30.72	-1.180256278	5614.22	-1.180256278	-1.051818131			
30.72	-1.180256278	3474.72	-1.180256278	-1.315701951			
30.73	-1.17993081	5886.79	-1.17993081	-1.025743625			
30.73	-1.17993081	6897.96	-1.17993081	-0.938560453			
30.74	-1.179605448	4694.94	-1.179605448	-1.150167663			
30.74	-1.179605448	6295.36	-1.179605448	-0.988837527			
30.75	-1.179280192	3624.2	-1.179280192	-1.292536131			
30.75	-1.179280192	4024.14	-1.179280192	-1.234963424			
30.76	-1.178955041	5089.18	-1.178955041	-1.105820402			
30.77	-1.178629997	5325.07	-1.178629997	-1.080900375			
30.77	-1.178629997	4471.17	-1.178629997	-1.177027031			
30.78	-1.178305058	7685.11	-1.178305058	-0.879128017			
30.79	-1.177980224	5217.9	-1.177980224	-1.092082334			
30.8	-1.177655496	3989.65	-1.177655496	-1.239697667			
30.83	-1.176681944	4699.71	-1.176681944	-1.149609154			
30.84	-1.176357637	3770.08	-1.176357637	-1.270831675			
30.84	-1.176357637	6998.8	-1.176357637	-0.930578308			
30.84	-1.176357637	5265.04	-1.176357637	-1.087135788			
30.85	-1.176033436	7324.78	-1.176033436	-0.90553988			
30.86	-1.175709339	3933.15	-1.175709339	-1.247542249			
30.86	-1.175709339	5055.8	-1.175709339	-1.109439742			
30.87	-1.175385347	3755.81	-1.175385347	-1.272917411			
30.89	-1.174737679	6437.8	-1.174737679	-0.97653182			
30.89	-1.174737679	8416.05	-1.174737679	-0.829157268			
30.89	-1.174737679	7048.93	-1.174737679	-0.926652889			
30.9	-1.174414002	8556.61	-1.174414002	-0.820047351			
30.91	-1.17409043	4413.02	-1.17409043	-1.184227002			
30.93	-1.173443599	8950.67	-1.173443599	-0.795283982			
30.93	-1.173443599	8754.59	-1.173443599	-0.807466623			
30.94	-1.173120341	6616.9	-1.173120341	-0.961439756			
30.94	-1.173120341	6604.94	-1.173120341	-0.962434777			
30.95	-1.172797187	7504.55	-1.172797187	-0.89220437			
30.95	-1.172797187	7041.73	-1.172797187	-0.927214963			
30.96	-1.172474137	6321.29	-1.172474137	-0.986576781			
30.97	-1.172151192	4701.59	-1.172151192	-1.149389184			
30.98	-1.171828351	5474.05	-1.171828351	-1.065724287			
30.98	-1.171828351	7230.02	-1.171828351	-0.912701605			
30.99	-1.171505614	8465.02	-1.171505614	-0.825966289			
31	-1.171182982	4833.14	-1.171182982	-1.134211599			
31	-1.171182982	6905.56	-1.171182982	-0.93795481			
31	-1.171182982	3817.23	-1.171182982	-1.263995831			
31.01	-1.170860453	6301.3	-1.170860453	-0.988318818			
31.02	-1.170538028	5859.71	-1.170538028	-1.028279534			
31.03	-1.170215708	3645.96	-1.170215708	-1.289243759			
31.04	-1.169893491	5141.11	-1.169893491	-1.100236641			
31.06	-1.169249368	4581.14	-1.169249368	-1.163663265			
31.11	-1.167640875	5652.47	-1.167640875	-1.048083657			
31.14	-1.16667702	3814.24	-1.16667702	-1.264426809			
31.15	-1.166355941	6621.27	-1.166355941	-0.96107664			
31.15	-1.166355941	4197.97	-1.166355941	-1.211704005			
31.18	-1.165393322	4202.88	-1.165393322	-1.211061094			
31.19	-1.165072655	5396.58	-1.165072655	-1.073563616			
31.19	-1.165072655	6155.57	-1.165072655	-1.001188047			
31.21	-1.16443163	7432.72	-1.16443163	-0.897494065			
31.22	-1.164111271	5697.67	-1.164111271	-1.043703071			
31.23	-1.163791015	5211.31	-1.163791015	-1.092777402			
31.23	-1.163791015	5273.34	-1.163791015	-1.086269431			
31.25	-1.16315081	6205.25	-1.16315081	-0.996766957			
31.25	-1.16315081	7357.83	-1.16315081	-0.903063818			
31.27	-1.162511015	4813.74	-1.162511015	-1.136423716			
31.28	-1.16219127	8624.19	-1.16219127	-0.815720522			
31.28	-1.16219127	5476.67	-1.16219127	-1.065461108			
31.29	-1.161871628	3757.03	-1.161871628	-1.272738783			
31.29	-1.161871628	8375.72	-1.161871628	-0.831799222			
31.29	-1.161871628	4875.06	-1.161871628	-1.12946177			
31.31	-1.161232651	8718.66	-1.161232651	-0.809728541			
31.32	-1.160913315	5762.93	-1.160913315	-1.037439282			
31.32	-1.160913315	4800.24	-1.160913315	-1.137968342			
31.32	-1.160913315	3945.84	-1.160913315	-1.245770574			
31.34	-1.160274949	6196.54	-1.160274949	-0.997539507			
31.37	-1.159318164	9023.46	-1.159318164	-0.790829278			
31.38	-1.158999439	7119.79	-1.158999439	-0.92115157			
31.38	-1.158999439	4480.51	-1.158999439	-1.175879313			
31.38	-1.158999439	7125.3	-1.158999439	-0.92072609			
31.39	-1.158680815	5450.89	-1.158680815	-1.068056203			
31.39	-1.158680815	9194.24	-1.158680815	-0.780517136			
31.4	-1.158362293	4946.78	-1.158362293	-1.121429324			
31.41	-1.158043872	3849.46	-1.158043872	-1.259371513			
31.41	-1.158043872	7464.84	-1.158043872	-0.895122398			
31.41	-1.158043872	4935.26	-1.158043872	-1.122711651			
31.45	-1.156771203	3983.04	-1.156771203	-1.240609656			
31.47	-1.156135475	6451.93	-1.156135475	-0.975325976			
31.47	-1.156135475	4992.89	-1.156135475	-1.116326401			
31.48	-1.155817762	4860.97	-1.155817762	-1.131053693			
31.49	-1.155500151	4406.31	-1.155500151	-1.185063914			
31.49	-1.155500151	5512.48	-1.155500151	-1.06187656			
31.51	-1.15486523	4036.58	-1.15486523	-1.233265807			
31.52	-1.154547921	4109.85	-1.154547921	-1.223372004			
31.52	-1.154547921	3975.96	-1.154547921	-1.241588171			
31.53	-1.154230712	9482.4	-1.154230712	-0.763544			
31.55	-1.153596597	4008.49	-1.153596597	-1.23710656			
31.55	-1.153596597	5839.91	-1.153596597	-1.030141134			
31.56	-1.15327969	4271.51	-1.15327969	-1.202152529			
31.56	-1.15327969	7537.61	-1.15327969	-0.889786761			
31.56	-1.15327969	9315.67	-1.15327969	-0.773300736			
31.58	-1.152646177	7781.42	-1.152646177	-0.872278234			
31.58	-1.152646177	5519.08	-1.152646177	-1.061218448			
31.6	-1.152013065	3820.06	-1.152013065	-1.263588225			
31.6	-1.152013065	4501.33	-1.152013065	-1.173329497			
31.62	-1.151380354	4289.94	-1.151380354	-1.199784586			
31.66	-1.150116132	6204.13	-1.150116132	-0.996866237			
31.68	-1.149484619	4316.49	-1.149484619	-1.196391182			
31.69	-1.149169012	6226.8	-1.149169012	-0.99486019			
31.69	-1.149169012	7940.31	-1.149169012	-0.861160822			
31.7	-1.148853505	10225.17	-1.148853505	-0.722065816			
31.73	-1.14790758	3634.23	-1.14790758	-1.291016104			
31.77	-1.146647738	7601.8	-1.146647738	-0.885122813			
31.78	-1.146333025	6071.89	-1.146333025	-1.008716138			
31.79	-1.146018411	6781.3	-1.146018411	-0.947941743			
31.82	-1.145075163	8543.18	-1.145075163	-0.820911279			
31.83	-1.144760945	4569.35	-1.144760945	-1.165080567			
31.83	-1.144760945	8468.5	-1.144760945	-0.825740228			
31.83	-1.144760945	6193.43	-1.144760945	-0.997815618			
31.84	-1.144446825	9311.44	-1.144446825	-0.773550533			
31.84	-1.144446825	5775.09	-1.144446825	-1.036279984			
31.86	-1.143818882	8118.31	-1.143818882	-0.848967494			
31.87	-1.143505058	6775.6	-1.143505058	-0.948404239			
31.87	-1.143505058	9010.41	-1.143505058	-0.79162528			
31.88	-1.143191332	6420.17	-1.143191332	-0.978040068			
31.89	-1.142877705	6696.83	-1.142877705	-0.954835743			
31.9	-1.142564176	3736.47	-1.142564176	-1.275756873			
31.9	-1.142564176	4394.3	-1.142564176	-1.186565061			
31.91	-1.142250746	4349.55	-1.142250746	-1.192194781			
31.92	-1.141937413	7927.95	-1.141937413	-0.862017627			
31.92	-1.141937413	5838.58	-1.141937413	-1.030266407			
31.92	-1.141937413	8012.45	-1.141937413	-0.856186476			
31.93	-1.141624179	4304.84	-1.141624179	-1.197877612			
31.94	-1.141311043	8146.44	-1.141311043	-0.847065034			
31.94	-1.141311043	5342.19	-1.141311043	-1.079134972			
31.97	-1.140372223	6232	-1.140372223	-0.994401077			
31.99	-1.139746832	4364.51	-1.139746832	-1.190306337			
32	-1.139434283	5164.78	-1.139434283	-1.097710218			
32	-1.139434283	4326.85	-1.139434283	-1.19507271			
32	-1.139434283	9215.81	-1.139434283	-0.779228328			
32.04	-1.138185064	3940.91	-1.138185064	-1.246458183			
32.06	-1.137561039	10010.87	-1.137561039	-0.73371527			
32.07	-1.137249172	9655.35	-1.137249172	-0.753602905			
32.08	-1.136937403	9291.43	-1.136937403	-0.774733738			
32.08	-1.136937403	8012.84	-1.136937403	-0.856159706			
32.09	-1.136625731	5916.33	-1.136625731	-1.022990618			
32.09	-1.136625731	7586.72	-1.136625731	-0.886214954			
32.09	-1.136625731	4799.75	-1.136625731	-1.138024488			
32.09	-1.136625731	4360.79	-1.136625731	-1.190775318			
32.1	-1.136314156	4947.49	-1.136314156	-1.121350389			
32.1	-1.136314156	5191.76	-1.136314156	-1.094844582			
32.1	-1.136314156	3595.98	-1.136314156	-1.296835491			
32.11	-1.136002678	9072.17	-1.136002678	-0.787868279			
32.13	-1.135380013	8308.2	-1.135380013	-0.836250958			
32.14	-1.135068826	7039.37	-1.135068826	-0.927399324			
32.15	-1.134757735	9151.89	-1.134757735	-0.783056368			
32.17	-1.134135845	6500.23	-1.134135845	-0.971223938			
32.19	-1.133514341	5883.75	-1.133514341	-1.026027724			
32.19	-1.133514341	7331.73	-1.133514341	-0.905018269			
32.19	-1.133514341	8517.61	-1.133514341	-0.822559915			
32.19	-1.133514341	9582.32	-1.133514341	-0.757778743			
32.2	-1.133203733	4962.13	-1.133203733	-1.1197253			
32.2	-1.133203733	6524.38	-1.133203733	-0.969184335			
32.2	-1.133203733	5251.67	-1.133203733	-1.08853423			
32.23	-1.13227249	5544.2	-1.13227249	-1.058720812			
32.28	-1.130722343	8659.94	-1.130722343	-0.81344531			
32.28	-1.130722343	7870.21	-1.130722343	-0.866037986			
32.28	-1.130722343	7340.02	-1.130722343	-0.904396734			
32.29	-1.130412601	4184.08	-1.130412601	-1.213526831			
32.31	-1.129793406	6800.61	-1.129793406	-0.946377824			
32.31	-1.129793406	9863.93	-1.129793406	-0.741848028			
32.34	-1.128865332	7945.34	-1.128865332	-0.86081252			
32.35	-1.128556165	4119.41	-1.128556165	-1.222094124			
32.4	-1.127011763	4799.5	-1.127011763	-1.138053136			
32.4	-1.127011763	4564.27	-1.127011763	-1.165692373			
32.4	-1.127011763	7722.8	-1.127011763	-0.876437251			
32.4	-1.127011763	8056.54	-1.127011763	-0.853168295			
32.43	-1.126086266	5296.44	-1.126086266	-1.083865403			
32.44	-1.125777957	7586.21	-1.125777957	-0.886251928			
32.44	-1.125777957	5445.87	-1.125777957	-1.068562959			
32.44	-1.125777957	4833.92	-1.125777957	-1.134122844			
32.44	-1.125777957	5688.15	-1.125777957	-1.044622812			
32.45	-1.125469743	6268.24	-1.125469743	-0.991212009			
32.47	-1.1248536	4328.95	-1.1248536	-1.194805836			
32.5	-1.123930097	5535.7	-1.123930097	-1.059564682			
32.51	-1.123622452	5523.25	-1.123622452	-1.060803046			
32.51	-1.123622452	6095.22	-1.123622452	-1.006606925			
32.52	-1.123314901	6197.09	-1.123314901	-0.997490692			
32.54	-1.122700084	4153.01	-1.122700084	-1.217626242			
32.55	-1.122392817	4225.8	-1.122392817	-1.208069871			
32.56	-1.122085645	7883.98	-1.122085645	-0.865076528			
32.57	-1.121778567	4831.71	-1.121778567	-1.134374353			
32.57	-1.121778567	6975.55	-1.121778567	-0.932408449			
32.58	-1.121471583	9477.25	-1.121471583	-0.763842792			
32.58	-1.121471583	5346.69	-1.121471583	-1.078671874			
32.6	-1.120857898	8583.21	-1.120857898	-0.818340213			
32.67	-1.11871296	5299.87	-1.11871296	-1.083509336			
32.7	-1.117795108	4984.5	-1.117795108	-1.117251393			
32.71	-1.117489344	3704.58	-1.117489344	-1.280471156			
32.72	-1.117183674	8213.34	-1.117183674	-0.842566783			
32.72	-1.117183674	7482.48	-1.117183674	-0.893824238			
32.74	-1.116572614	7283.59	-1.116572614	-0.908641467			
32.75	-1.116267224	4516.5	-1.116267224	-1.17147905			
32.78	-1.115351613	4081.05	-1.115351613	-1.227239727			
32.79	-1.115046595	10270.11	-1.115046595	-0.719653842			
32.79	-1.115046595	9474.98	-1.115046595	-0.763974544			
32.82	-1.1141321	9218.12	-1.1141321	-0.779090485			
32.82	-1.1141321	5539.52	-1.1141321	-1.059185277			
32.82	-1.1141321	5421.11	-1.1141321	-1.071069271			
32.82	-1.1141321	5944.29	-1.1141321	-1.020397494			
32.83	-1.113827454	10433.46	-1.113827454	-0.710974724			
32.84	-1.113522901	5288.7	-1.113522901	-1.084669739			
32.84	-1.113522901	10003.78	-1.113522901	-0.734104935			
32.85	-1.113218441	6438.89	-1.113218441	-0.976438706			
32.86	-1.112914073	4352.25	-1.112914073	-1.191853473			
32.89	-1.112001526	9953.86	-1.112001526	-0.736856368			
32.91	-1.111393623	8483.32	-1.111393623	-0.824778561			
32.91	-1.111393623	3800.09	-1.111393623	-1.266470984			
32.92	-1.11108981	8028.71	-1.11108981	-0.855071469			
32.92	-1.11108981	5423.71	-1.11108981	-1.070805551			
32.92	-1.11108981	4406.93	-1.11108981	-1.184986531			
32.93	-1.11078609	6983.72	-1.11078609	-0.931764647			
32.94	-1.110482461	9835.53	-1.110482461	-0.74343386			
32.96	-1.109875481	5628.57	-1.109875481	-1.050414119			
33	-1.108662625	8316.05	-1.108662625	-0.835731536			
33.05	-1.10714862	9697.08	-1.10714862	-0.751230951			
33.05	-1.10714862	4022.11	-1.10714862	-1.235240944			
33.06	-1.106846094	3925.31	-1.106846094	-1.248639666			
33.07	-1.106543659	5502.7	-1.106543659	-1.062853212			
33.08	-1.106241316	8739.73	-1.106241316	-0.808400983			
33.1	-1.105636904	5232.32	-1.105636904	-1.090564471			
33.15	-1.104127469	5177.16	-1.104127469	-1.096393443			
33.15	-1.104127469	9886.72	-1.104127469	-0.740578753			
33.15	-1.104127469	4412.01	-1.104127469	-1.184352894			
33.18	-1.103222901	5602.48	-1.103222901	-1.05296945			
33.19	-1.10292156	7646.09	-1.10292156	-0.881927673			
33.2	-1.10262031	10164.02	-1.10262031	-0.725364878			
33.24	-1.101416216	8546.08	-1.101416216	-0.820724613			
33.26	-1.100814712	10766.51	-1.100814712	-0.693692382			
33.27	-1.100514096	9080.3	-1.100514096	-0.787375619			
33.28	-1.10021357	6373.45	-1.10021357	-0.982057088			
33.3	-1.099612789	10217.99	-1.099612789	-0.722452156			
33.31	-1.099312534	8177.46	-1.099312534	-0.844974723			
33.32	-1.099012369	10880.23	-1.099012369	-0.687913537			
33.32	-1.099012369	5588.37	-1.099012369	-1.054356388			
33.34	-1.098412309	6623.3	-1.098412309	-0.960908042			
33.34	-1.098412309	8578.06	-1.098412309	-0.818670317			
33.37	-1.097512893	5129.52	-1.097512893	-1.101477948			
33.38	-1.097213268	6762.97	-1.097213268	-0.949430418			
33.4	-1.096614286	8292.58	-1.096614286	-0.83728597			
33.4	-1.096614286	5423.59	-1.096614286	-1.07081772			
33.4	-1.096614286	10113.97	-1.096614286	-0.728079897			
33.42	-1.096015663	6620.81	-1.096015663	-0.961114851			
33.43	-1.095716486	10762.99	-1.095716486	-0.693872228			
33.43	-1.095716486	11365.87	-1.095716486	-0.663896344			
33.46	-1.09481949	8736.42	-1.09481949	-0.808609324			
33.47	-1.094520671	10614.07	-1.094520671	-0.701535333			
33.49	-1.093923299	6538.86	-1.093923299	-0.967965035			
33.51	-1.093326284	11675.06	-1.093326284	-0.649134378			
33.53	-1.092729626	8399.36	-1.092729626	-0.830249065			
33.53	-1.092729626	8746.8	-1.092729626	-0.807956241			
33.53	-1.092729626	5691.78	-1.092729626	-1.044271931			
33.54	-1.09243143	9397.79	-1.09243143	-0.768473591			
33.55	-1.092133323	6992.22	-1.092133323	-0.93109564			
33.59	-1.090941782	10795.12	-1.090941782	-0.692232797			
33.6	-1.090644119	11034.84	-1.090644119	-0.680152949			
33.63	-1.08975166	9721.16	-1.08975166	-0.749866872			
33.68	-1.088265997	10377.21	-1.088265997	-0.713947966			
33.72	-1.087079053	9442.79	-1.087079053	-0.765846279			
33.72	-1.087079053	5380.46	-1.087079053	-1.075208967			
33.74	-1.086486109	11153.51	-1.086486109	-0.674269761			
33.74	-1.086486109	10807.11	-1.086486109	-0.691622259			
33.74	-1.086486109	11961.53	-1.086486109	-0.63580198			
33.75	-1.086189769	5150.49	-1.086189769	-1.099234076			
33.75	-1.086189769	5328.49	-1.086189769	-1.080547254			
33.79	-1.085005285	5676.08	-1.085005285	-1.045791127			
33.79	-1.085005285	10706.13	-1.085005285	-0.696785536			
33.81	-1.084413569	6473.83	-1.084413569	-0.973462254			
33.83	-1.083822203	4813.56	-1.083822203	-1.136444282			
33.83	-1.083822203	9464.75	-1.083822203	-0.764568692			
33.84	-1.083526651	7223.04	-1.083526651	-0.913232842			
33.88	-1.082345316	5171.34	-1.082345316	-1.097012083			
33.88	-1.082345316	10830.83	-1.082345316	-0.690416413			
33.89	-1.0820502	4991.74	-1.0820502	-1.116453096			
33.91	-1.08146023	10488.7	-1.08146023	-0.708070429			
33.91	-1.08146023	5876.18	-1.08146023	-1.026735807			
33.97	-1.079692404	8467.1	-1.079692404	-0.825831161			
33.98	-1.07939807	8238.36	-1.07939807	-0.840893884			
33.98	-1.07939807	6165.38	-1.07939807	-1.000312221			
34	-1.078809661	9780.66	-1.078809661	-0.746510765			
34	-1.078809661	8665.91	-1.078809661	-0.813066281			
34.01	-1.078515587	7790.69	-1.078515587	-0.871623409			
34.03	-1.077927697	5999.17	-1.077927697	-1.015342977			
34.03	-1.077927697	10509.59	-1.077927697	-0.706976101			
34.04	-1.077633882	5738.99	-1.077633882	-1.039728816			
34.05	-1.077340153	6884.61	-1.077340153	-0.939625929			
34.05	-1.077340153	4102.61	-1.077340153	-1.22434175			
34.08	-1.076459484	10018.95	-1.076459484	-0.733271532			
34.13	-1.074993423	11012.33	-1.074993423	-0.681276042			
34.14	-1.074700469	8050.56	-1.074700469	-0.853576687			
34.14	-1.074700469	7772.25	-1.074700469	-0.872926763			
34.16	-1.074114817	11920.92	-1.074114817	-0.637672435			
34.18	-1.073529508	11687.35	-1.073529508	-0.648555713			
34.2	-1.072944542	7051.9	-1.072944542	-0.9264212			
34.22	-1.072359918	8658.4	-1.072359918	-0.813543125			
34.22	-1.072359918	9467	-1.072359918	-0.76443796			
34.23	-1.072067733	5857.06	-1.072067733	-1.028528322			
34.25	-1.071483621	6896.64	-1.071483621	-0.938665711			
34.25	-1.071483621	7351	-1.071483621	-0.903574599			
34.26	-1.071191693	11424.53	-1.071191693	-0.661065058			
34.33	-1.069150579	9188.24	-1.069150579	-0.780876174			
34.33	-1.069150579	7539.95	-1.069150579	-0.889616044			
34.33	-1.069150579	10495.28	-1.069150579	-0.707725499			
34.33	-1.069150579	8591.2	-1.069150579	-0.817828464			
34.4	-1.067113622	10474.42	-1.067113622	-0.708819745			
34.41	-1.066822966	8131.83	-1.066822966	-0.848052302			
34.45	-1.065661189	10138.01	-1.065661189	-0.726774147			
34.45	-1.065661189	10680.6	-1.065661189	-0.69809864			
34.45	-1.065661189	7141	-1.065661189	-0.919515544			
34.47	-1.065080805	5034.91	-1.065080805	-1.111716988			
34.48	-1.06479074	11778.42	-1.06479074	-0.644286623			
34.48	-1.06479074	7838.69	-1.06479074	-0.868245146			
34.5	-1.064210862	4610.3	-1.064210862	-1.160173485			
34.52	-1.06363132	4861.26	-1.06363132	-1.131020882			
34.53	-1.063341675	11461.09	-1.063341675	-0.659307795			
34.55	-1.062762636	6812.78	-1.062762636	-0.945394454			
34.57	-1.062183932	6889.5	-1.062183932	-0.939235414			
34.59	-1.061605563	9347.47	-1.061605563	-0.771426451			
34.62	-1.060738636	6715.63	-1.060738636	-0.953293892			
34.63	-1.060449828	9012.25	-1.060449828	-0.791512977			
34.64	-1.060161102	6942.52	-1.060161102	-0.935018945			
34.64	-1.060161102	6351.19	-1.060161102	-0.983981388			
34.64	-1.060161102	5953.33	-1.060161102	-1.019561697			
34.65	-1.05987246	12098.83	-1.05987246	-0.629524782			
34.65	-1.05987246	9122.25	-1.05987246	-0.78484053			
34.67	-1.059295426	6985.7	-1.059295426	-0.931608735			
34.67	-1.059295426	6160.77	-1.059295426	-1.000723623			
34.68	-1.059007034	5149.03	-1.059007034	-1.099390005			
34.71	-1.058142356	10372.65	-1.058142356	-0.714189703			
34.71	-1.058142356	4940.34	-1.058142356	-1.122145811			
34.72	-1.057854296	6085.35	-1.057854296	-1.007498263			
34.75	-1.056990614	6019.92	-1.056990614	-1.013443913			
34.77	-1.05641524	7871.67	-1.05641524	-0.865935966			
34.78	-1.056127677	7933.07	-1.056127677	-0.861662543			
34.8	-1.055552799	7871.19	-1.055552799	-0.865969505			
34.8	-1.055552799	10088.31	-1.055552799	-0.729477066			
34.81	-1.055265484	9711.77	-1.055265484	-0.750398393			
34.83	-1.054691102	5255.63	-1.054691102	-1.088119661			
34.87	-1.053543325	10009.14	-1.053543325	-0.733810325			
34.87	-1.053543325	6592.35	-1.053543325	-0.963484159			
34.89	-1.052969931	5236.28	-1.052969931	-1.090148369			
34.9	-1.052683357	5334.95	-1.052683357	-1.079880865			
34.9	-1.052683357	8156.56	-1.052683357	-0.846382215			
34.93	-1.051824127	5761.36	-1.051824127	-1.03758914			
34.99	-1.05010788	13342.09	-1.05010788	-0.575726562			
34.99	-1.05010788	11452.95	-1.05010788	-0.65969856			
35.05	-1.048394573	9914.12	-1.048394573	-0.739056595			
35.06	-1.048109306	8717.1	-1.048109306	-0.809826959			
35.07	-1.047824122	5885.37	-1.047824122	-1.025876311			
35.11	-1.046684196	7851.6	-1.046684196	-0.867340064			
35.13	-1.04611472	9363.3	-1.04611472	-0.770495811			
35.14	-1.045830103	7778.94	-1.045830103	-0.872453551			
35.16	-1.045261113	10928.55	-1.045261113	-0.68547635			
35.16	-1.045261113	9482.13	-1.045261113	-0.763559661			
35.17	-1.04497674	10874.11	-1.04497674	-0.688222993			
35.19	-1.044408235	11549.15	-1.044408235	-0.655098084			
35.22	-1.043556083	9902.31	-1.043556083	-0.739712162			
35.29	-1.041570548	8362.55	-1.041570548	-0.832664724			
35.34	-1.040154719	13048.52	-1.040154719	-0.587963502			
35.38	-1.039023497	13402.8	-1.039023497	-0.573229594			
35.39	-1.038740892	4739.56	-1.038740892	-1.144965229			
35.43	-1.037611267	11592.36	-1.037611267	-0.653044153			
35.45	-1.037046933	7515.57	-1.037046933	-0.891397319			
35.49	-1.035919219	6508.04	-1.035919219	-0.970563512			
35.49	-1.035919219	5177.17	-1.035919219	-1.09639238			
35.53	-1.034792776	10526.32	-1.034792776	-0.706101263			
35.54	-1.034511363	8898.1	-1.034511363	-0.798523823			
35.55	-1.03423003	8537.05	-1.03423003	-0.821306063			
35.55	-1.03423003	8134.79	-1.03423003	-0.847852137			
35.55	-1.03423003	11130.29	-1.03423003	-0.675415975			
35.65	-1.031421039	7871.95	-1.031421039	-0.865916402			
35.65	-1.031421039	11544.12	-1.031421039	-0.655337678			
35.68	-1.030579878	9914.21	-1.030579878	-0.739051602			
35.68	-1.030579878	6839.15	-1.030579878	-0.943269696			
35.75	-1.028619917	11303.35	-1.028619917	-0.666930068			
35.78	-1.027781108	10900.81	-1.027781108	-0.686874192			
35.82	-1.026663789	6108.44	-1.026663789	-1.005415315			
35.88	-1.024990149	10212.65	-1.024990149	-0.722739665			
35.93	-1.023597585	9842.84	-1.023597585	-0.743025239			
35.93	-1.023597585	11650.1	-1.023597585	-0.650311477			
35.93	-1.023597585	5718.7	-1.023597585	-1.041676768			
35.98	-1.022206957	10474.35	-1.022206957	-0.70882342			
35.98	-1.022206957	12491.35	-1.022206957	-0.611964574			
36.02	-1.021095846	8633.73	-1.021095846	-0.815112453			
36.03	-1.020818261	10718.49	-1.020818261	-0.696150938			
36.06	-1.019985968	6919.75	-1.019985968	-0.936825794			
36.19	-1.016387348	8607.83	-1.016387348	-0.816764857			
36.27	-1.014179233	10280.01	-1.014179233	-0.719123919			
36.31	-1.013077001	8962.05	-1.013077001	-0.794585149			
36.33	-1.01252634	12680.04	-1.01252634	-0.60371859			
36.38	-1.011151013	10673.92	-1.011151013	-0.698442736			
36.39	-1.010876174	7992.72	-1.010876174	-0.857542477			
36.4	-1.010601411	12748.86	-1.010601411	-0.600741576			
36.47	-1.008680181	14316.45	-1.008680181	-0.536959522			
36.53	-1.007036345	11309.36	-1.007036345	-0.666637711			
36.56	-1.006215439	10842.95	-1.006215439	-0.689801292			
36.6	-1.005121946	10636.27	-1.005121946	-0.700386174			
36.64	-1.004029646	13566.06	-1.004029646	-0.5665705			
36.71	-1.002120988	10125.42	-1.002120988	-0.727457595			
36.71	-1.002120988	10509.4	-1.002120988	-0.706986044			
36.75	-1.00103196	14730.91	-1.00103196	-0.521263193			
36.77	-1.000487891	8646.04	-1.000487891	-0.81432882			
36.78	-1.000215967	13292.55	-1.000215967	-0.577772546			
36.85	-0.998314567	7440.45	-0.998314567	-0.896922365			
36.87	-0.997771974	13017.96	-0.997771974	-0.589253128			
36.89	-0.997229674	9911.85	-0.997229674	-0.73918254			
36.92	-0.996416776	10552.57	-0.996416776	-0.704731409			
36.93	-0.996145957	10398.34	-0.996145957	-0.712829199			
36.94	-0.995875211	10341.04	-0.995875211	-0.715868352			
36.96	-0.995333939	7292.22	-0.995333939	-0.907990182			
36.99	-0.99452258	9165.33	-0.99452258	-0.782249259			
37	-0.994252273	9269.12	-0.994252273	-0.776055952			
37.03	-0.993441791	9951.44	-0.993441791	-0.736990101			
37.04	-0.993171776	5504.72	-0.993171776	-1.062651348			
37.08	-0.992092445	14636.2	-0.992092445	-0.524810745			
37.09	-0.991822794	13082.47	-0.991822794	-0.586534355			
37.31	-0.985908799	4007.89	-0.985908799	-1.237188891			
37.31	-0.985908799	9955.86	-0.985908799	-0.736745869			
37.36	-0.984569573	11728.4	-0.984569573	-0.646627309			
37.58	-0.978698192	11253.79	-0.978698192	-0.669346868			
37.83	-0.972067747	8830.9	-0.972067747	-0.802693282			
37.83	-0.972067747	15465.24	-0.972067747	-0.494507388			
37.89	-0.970482961	10616.96	-0.970482961	-0.701385599			
37.93	-0.96942783	9037.53	-0.96942783	-0.789972348			
37.96	-0.968637212	10187.57	-0.968637212	-0.724092004			
37.96	-0.968637212	14357.37	-0.968637212	-0.535389727			
37.96	-0.968637212	14284.23	-0.968637212	-0.538198724			
37.96	-0.968637212	14370.43	-0.968637212	-0.534889654			
37.96	-0.968637212	11755.15	-0.968637212	-0.645374303			
37.96	-0.968637212	8984.03	-0.968637212	-0.79323789			
37.96	-0.968637212	8141.62	-0.968637212	-0.847390549			
37.96	-0.968637212	12649.17	-0.968637212	-0.605059216			
37.96	-0.968637212	9350.02	-0.968637212	-0.771276431			
