UTF-A Oil Sand Formation Data					
6					
Well-No.					
X(m)					
Y(m)					
Z(m)					
Porosity %					
Permeablity - mD					
1	35.4	41.11	288.08	25.13	3079.62
1	35.4	41.11	287.95	26.83	3145.57
1	35.4	41.11	287.83	28.62	3226.26
1	35.4	41.11	287.7	28.7	3146.69
1	35.4	41.11	287.58	26.22	2804.68
1	35.4	41.11	287.45	21.01	2209.34
1	35.4	41.11	287.33	23.5	2494.12
1	35.4	41.11	287.2	24.97	2762.44
1	35.4	41.11	287.08	25.31	3124.51
1	35.4	41.11	286.95	25.8	3335.26
1	35.4	41.11	286.83	26.96	3413.29
1	35.4	41.11	286.7	29.19	3656.32
1	35.4	41.11	286.58	30.73	5886.79
1	35.4	41.11	286.45	31.79	6781.3
1	35.4	41.11	286.33	33.55	6992.22
1	35.4	41.11	286.2	31.32	5762.93
1	35.4	41.11	286.08	27.98	3793.2
1	35.4	41.11	285.95	28.19	4104.42
1	35.4	41.11	285.83	28.3	4688.94
1	35.4	41.11	285.7	30.73	6897.96
1	35.4	41.11	285.58	28.97	5688.86
1	35.4	41.11	285.45	28.2	5183.42
1	35.4	41.11	285.33	28.31	5556.57
1	35.4	41.11	285.2	32.92	8028.71
1	35.4	41.11	285.08	37.96	10187.57
1	35.4	41.11	284.95	37.83	8830.9
1	35.4	41.11	284.83	34.75	6019.92
1	35.4	41.11	284.7	32.7	4984.5
1	35.4	41.11	284.58	31.55	4008.49
1	35.4	41.11	284.45	30.84	3770.08
1	35.4	41.11	284.33	29.27	3458.01
1	35.4	41.11	284.2	24.67	2761.04
1	35.4	41.11	284.08	23.16	2589.1
1	35.4	41.11	283.95	28.06	6344
1	35.4	41.11	283.83	27.06	5994.02
1	35.4	41.11	283.7	27.11	5905.44
1	35.4	41.11	283.58	26.34	5262.36
1	35.4	41.11	283.45	28.41	6581.51
1	35.4	41.11	283.33	31.28	8624.19
1	35.4	41.11	283.2	33.2	10164.02
1	35.4	41.11	283.08	30.62	8554.69
1	35.4	41.11	282.95	33.43	10762.99
1	35.4	41.11	282.83	36.64	13566.06
1	35.4	41.11	282.7	37.96	14357.37
1	35.4	41.11	282.58	35.16	10928.55
1	35.4	41.11	282.45	33.24	8546.08
1	35.4	41.11	282.33	32.44	7586.21
1	35.4	41.11	282.2	30.55	6996.53
1	35.4	41.11	282.08	29.85	6345.14
1	35.4	41.11	281.95	35.98	10474.35
1	35.4	41.11	281.83	37.36	11728.4
1	35.4	41.11	281.7	34.87	10009.14
1	35.4	41.11	281.58	33.72	9442.79
1	35.4	41.11	281.45	32.56	7883.98
1	35.4	41.11	281.33	29.6	5528.59
1	35.4	41.11	281.2	28.07	3867.02
1	35.4	41.11	281.08	26.69	3605.62
1	35.4	41.11	280.95	26.84	3950.37
1	35.4	41.11	280.83	28.91	4317.58
1	35.4	41.11	280.7	32.57	4831.71
1	35.4	41.11	280.58	34.62	6715.63
1	35.4	41.11	280.45	35.93	9842.84
1	35.4	41.11	280.33	33.54	9397.79
1	35.4	41.11	280.2	32.74	7283.59
1	35.4	41.11	280.08	32.19	5883.75
1	35.4	41.11	279.95	31.47	6451.93
1	35.4	41.11	279.83	32.6	8583.21
1	35.4	41.11	279.7	32.94	9835.53
1	35.4	41.11	279.58	30.93	8950.67
1	35.4	41.11	279.45	33.32	10880.23
1	35.4	41.11	279.33	34.48	11778.42
1	35.4	41.11	279.2	34.53	11461.09
1	35.4	41.11	279.08	34.13	11012.33
1	35.4	41.11	278.95	37.96	14284.23
1	35.4	41.11	278.83	37.96	14370.43
1	35.4	41.11	278.7	36.78	13292.55
1	35.4	41.11	278.58	35.98	12491.35
1	35.4	41.11	278.45	36.4	12748.86
1	35.4	41.11	278.33	36.33	12680.04
1	35.4	41.11	278.2	33.91	10488.7
1	35.4	41.11	278.08	32.82	9218.12
1	35.4	41.11	277.95	31.92	7927.95
1	35.4	41.11	277.83	28.74	5465.31
1	35.4	41.11	277.7	25.4	3291.53
1	35.4	41.11	277.58	22.6	2465.05
1	35.4	41.11	277.45	21.25	2227.6
1	35.4	41.11	277.33	19.02	1950.35
1	35.4	41.11	277.2	22.14	2294.4
1	35.4	41.11	277.08	18.71	1901.42
1	35.4	41.11	276.95	26.26	2800.09
1	35.4	41.11	276.83	25.77	2761.17
1	35.4	41.11	276.7	26.45	2834.2
1	35.4	41.11	276.58	27.14	3366.83
1	35.4	41.11	276.45	29.94	5093.58
1	35.4	41.11	276.33	34.14	8050.56
1	35.4	41.11	276.2	35.68	9914.21
1	35.4	41.11	276.08	34.33	9188.24
1	35.4	41.11	275.95	33.53	8399.36
1	35.4	41.11	275.83	32.19	7331.73
1	35.4	41.11	275.7	28.78	6087.46
1	35.4	41.11	275.58	31.94	8146.44
1	35.4	41.11	275.45	29.99	7361.14
1	35.4	41.11	275.33	30.01	7535.45
1	35.4	41.11	275.2	26.32	5581.71
1	35.4	41.11	275.08	24.97	4772.23
1	35.4	41.11	274.95	26.48	5245.72
1	35.4	41.11	274.83	26.72	4790.64
1	35.4	41.11	274.7	25.82	3728.55
1	35.4	41.11	274.58	22.86	2432.64
1	35.4	41.11	274.45	18.16	1825.56
1	35.4	41.11	274.33	6.9	690.05
1	35.4	41.11	274.2	8.91	891.33
1	35.4	41.11	274.08	13.4	1343.25
1	35.4	41.11	273.95	13.29	1332.21
1	35.4	41.11	273.83	12.35	1236.52
1	35.4	41.11	273.7	14.43	1446.72
1	35.4	41.11	273.58	11.31	1132.5
1	35.4	41.11	273.45	2.9	290
1	35.4	41.11	273.33	0	0
1	35.4	41.11	273.2	4.4	440.01
1	35.4	41.11	273.08	3.94	394
1	35.4	41.11	272.95	7.06	706.07
1	35.4	41.11	272.83	10.66	1066.64
1	35.4	41.11	272.7	14.06	1408.98
1	35.4	41.11	272.58	17.35	1747.74
1	35.4	41.11	272.45	21.8	2292.7
1	35.4	41.11	272.33	25.81	3213.63
1	35.4	41.11	272.2	24.62	3318.66
1	35.4	41.11	272.08	23.47	2770.88
1	35.4	41.11	271.95	26.27	3644.92
1	35.4	41.11	271.83	25.72	3784.3
1	35.4	41.11	271.7	22.19	2666.6
1	35.4	41.11	271.58	18.88	1960.95
1	35.4	41.11	271.45	20.99	2128.64
1	35.4	41.11	271.33	21.8	2281.33
1	35.4	41.11	271.2	24.73	2724.8
1	35.4	41.11	271.08	28.01	3437.17
1	35.4	41.11	270.95	28.44	3287.92
1	35.4	41.11	270.83	26.97	3327.84
1	35.4	41.11	270.7	28.95	3306.61
1	35.4	41.11	270.58	31.41	3849.46
1	35.4	41.11	270.45	28.35	3892.61
1	35.4	41.11	270.33	25.58	3303.45
1	35.4	41.11	270.2	25.98	3173.1
1	35.4	41.11	270.08	30.34	4039.6
1	35.4	41.11	269.95	31.49	4406.31
1	35.4	41.11	269.83	30.12	4014.33
1	35.4	41.11	269.7	28.36	3474.11
1	35.4	41.11	269.58	27.11	2960.91
1	35.4	41.11	269.45	24.91	2567.16
2	55.7	42.95	287.77	25.2	3008.02
2	55.7	42.95	287.64	22.81	2726.94
2	55.7	42.95	287.52	20.95	2320.01
2	55.7	42.95	287.39	21.81	2248.42
2	55.7	42.95	287.27	24.09	2755.69
2	55.7	42.95	287.14	27.37	2862.93
2	55.7	42.95	287.02	27.48	4680.1
2	55.7	42.95	286.89	25.85	4463.14
2	55.7	42.95	286.77	24.82	3849.18
2	55.7	42.95	286.64	22.75	2935.75
2	55.7	42.95	286.52	25.34	3064.53
2	55.7	42.95	286.39	27.01	3233.47
2	55.7	42.95	286.27	25	3163.9
2	55.7	42.95	286.14	28.51	4245.57
2	55.7	42.95	286.02	30.03	4920.19
2	55.7	42.95	285.89	30.64	3080.13
2	55.7	42.95	285.77	27.8	3542.68
2	55.7	42.95	285.64	26.48	3047.27
2	55.7	42.95	285.52	37.31	4007.89
2	55.7	42.95	285.39	24.87	2596.12
2	55.7	42.95	285.27	25.13	2692.93
2	55.7	42.95	285.14	28.33	3335.64
2	55.7	42.95	285.02	31.29	3757.03
2	55.7	42.95	284.89	33.88	5171.34
2	55.7	42.95	284.77	34.8	7871.19
2	55.7	42.95	284.64	33.4	8292.58
2	55.7	42.95	284.52	32.85	6438.89
2	55.7	42.95	284.39	33.72	5380.46
2	55.7	42.95	284.27	34.5	4610.3
2	55.7	42.95	284.14	34.9	5334.95
2	55.7	42.95	284.02	34.93	5761.36
2	55.7	42.95	283.89	33.79	5676.08
2	55.7	42.95	283.77	31.32	4800.24
2	55.7	42.95	283.64	29.45	4053.1
2	55.7	42.95	283.52	31.32	3945.84
2	55.7	42.95	283.39	33.83	4813.56
2	55.7	42.95	283.27	32.82	5539.52
2	55.7	42.95	283.14	33.4	5423.59
2	55.7	42.95	283.02	30.67	4091.54
2	55.7	42.95	282.89	31.45	3983.04
2	55.7	42.95	282.77	35.39	4739.56
2	55.7	42.95	282.64	31.51	4036.58
2	55.7	42.95	282.52	27.55	3599.3
2	55.7	42.95	282.39	25.94	4107.97
2	55.7	42.95	282.27	30.23	6713.51
2	55.7	42.95	282.14	32.19	8517.61
2	55.7	42.95	282.02	31.58	7781.42
2	55.7	42.95	281.89	30.84	6998.8
2	55.7	42.95	281.77	20.09	5546.33
2	55.7	42.95	281.64	27.17	5960.83
2	55.7	42.95	281.52	31.37	9023.46
2	55.7	42.95	281.39	32.83	10433.46
2	55.7	42.95	281.27	34.16	11920.92
2	55.7	42.95	281.14	35.34	13048.52
2	55.7	42.95	281.02	33.79	10706.13
2	55.7	42.95	280.89	30.78	7685.11
2	55.7	42.95	280.77	29.14	5878.18
2	55.7	42.95	280.64	23.36	4980.72
2	55.7	42.95	280.52	31.62	4289.94
2	55.7	42.95	280.39	32.4	4799.5
2	55.7	42.95	280.27	32.23	5544.2
2	55.7	42.95	280.14	31.94	5342.19
2	55.7	42.95	280.02	33.38	6762.97
2	55.7	42.95	279.89	37.96	11755.15
2	55.7	42.95	279.77	37.09	13082.47
2	55.7	42.95	279.64	34.65	12098.83
2	55.7	42.95	279.52	33.51	11675.06
2	55.7	42.95	279.39	36.47	14316.45
2	55.7	42.95	279.27	34.26	11424.53
2	55.7	42.95	279.14	32.28	8659.94
2	55.7	42.95	279.02	34.01	7790.69
2	55.7	42.95	278.89	32.2	4962.13
2	55.7	42.95	278.77	32	5164.78
2	55.7	42.95	278.64	32.52	6197.09
2	55.7	42.95	278.52	29.13	4142.11
2	55.7	42.95	278.39	30.43	4726.25
2	55.7	42.95	278.27	30.54	5548.83
2	55.7	42.95	278.14	30.35	4760.89
2	55.7	42.95	278.02	31.99	4364.51
2	55.7	42.95	277.89	32.82	5421.11
2	55.7	42.95	277.77	32.45	6268.24
2	55.7	42.95	277.64	32.17	6500.23
2	55.7	42.95	277.52	32.2	6524.38
2	55.7	42.95	277.39	32.09	5916.33
2	55.7	42.95	277.27	31.89	6696.83
2	55.7	42.95	277.14	34.45	10138.01
2	55.7	42.95	277.02	35.43	11592.36
2	55.7	42.95	276.89	35.17	10874.11
2	55.7	42.95	276.77	34.71	10372.65
2	55.7	42.95	276.64	33.83	9464.75
2	55.7	42.95	276.52	33	8316.05
2	55.7	42.95	276.39	32.57	6975.55
2	55.7	42.95	276.27	34.41	8131.83
2	55.7	42.95	276.14	35.16	9482.13
2	55.7	42.95	276.02	36.94	10341.04
2	55.7	42.95	275.89	35.54	8898.1
2	55.7	42.95	275.77	34.05	6884.61
2	55.7	42.95	275.64	34.68	5149.03
2	55.7	42.95	275.52	34.05	4102.61
2	55.7	42.95	275.39	31.9	3736.47
2	55.7	42.95	275.27	29.66	3426.94
2	55.7	42.95	275.14	28.54	3219.42
2	55.7	42.95	275.02	29.55	3685.18
2	55.7	42.95	274.89	26.76	3403.79
2	55.7	42.95	274.77	23.89	2510.74
2	55.7	42.95	274.64	21.57	2206.23
2	55.7	42.95	274.52	20.79	2127.55
2	55.7	42.95	274.39	22.98	2376.35
2	55.7	42.95	274.27	27.7	2999.1
2	55.7	42.95	274.14	31.52	4109.85
2	55.7	42.95	274.02	34.72	6085.35
2	55.7	42.95	273.89	34.23	5857.06
2	55.7	42.95	273.77	34.03	5999.17
2	55.7	42.95	273.64	34.78	7933.07
2	55.7	42.95	273.52	36.71	10125.42
2	55.7	42.95	273.39	36.19	8607.83
2	55.7	42.95	273.27	34.64	6942.52
2	55.7	42.95	273.14	34.25	6896.64
2	55.7	42.95	273.02	32.09	7586.72
2	55.7	42.95	272.89	33.1	5232.32
2	55.7	42.95	272.77	29.94	3502.46
2	55.7	42.95	272.64	30.32	3902.77
2	55.7	42.95	272.52	32.51	5523.25
2	55.7	42.95	272.39	33.34	6623.3
2	55.7	42.95	272.27	34.64	6351.19
2	55.7	42.95	272.14	33.75	5150.49
2	55.7	42.95	272.02	35.45	7515.57
2	55.7	42.95	271.89	37.03	9951.44
2	55.7	42.95	271.77	37	9269.12
2	55.7	42.95	271.64	34.77	7871.67
2	55.7	42.95	271.52	35.06	8717.1
2	55.7	42.95	271.39	34.63	9012.25
2	55.7	42.95	271.27	36.27	10280.01
2	55.7	42.95	271.14	33.34	8578.06
2	55.7	42.95	271.02	36.99	9165.33
2	55.7	42.95	270.89	34.87	6592.35
2	55.7	42.95	270.77	33.15	5177.16
2	55.7	42.95	270.64	31.83	4569.35
2	55.7	42.95	270.52	32.84	5288.7
2	55.7	42.95	270.39	32	4326.85
2	55.7	42.95	270.27	31.6	3820.06
2	55.7	42.95	270.14	32.04	3940.91
2	55.7	42.95	270.02	32.47	4328.95
2	55.7	42.95	269.89	28.85	3431.8
2	55.7	42.95	269.77	26.15	3036.46
2	55.7	42.95	269.64	24.46	2619.49
2	55.7	42.95	269.52	30.21	3503.24
2	55.7	42.95	269.39	31.68	4316.49
2	55.7	42.95	269.27	28.18	2955.66
2	55.7	42.95	269.14	25.82	2618.19
3	9.05	43.95	288.37	28.45	3243.85
3	9.05	43.95	288.24	29.3	3374.67
3	9.05	43.95	288.12	30.3	4231.24
3	9.05	43.95	287.99	33.75	5328.49
3	9.05	43.95	287.87	34.83	5255.63
3	9.05	43.95	287.74	35.82	6108.44
3	9.05	43.95	287.62	32.1	4947.49
3	9.05	43.95	287.49	27.86	3520.06
3	9.05	43.95	287.37	24.15	2678.85
3	9.05	43.95	287.24	27.16	3353.16
3	9.05	43.95	287.12	32.86	4352.25
3	9.05	43.95	286.99	35.68	6839.15
3	9.05	43.95	286.87	34.57	6889.5
3	9.05	43.95	286.74	34.2	7051.9
3	9.05	43.95	286.62	36.39	7992.72
3	9.05	43.95	286.49	34.33	7539.95
3	9.05	43.95	286.37	32.31	6800.61
3	9.05	43.95	286.24	29.64	5685.13
3	9.05	43.95	286.12	26.57	4394.56
3	9.05	43.95	285.99	24.49	3115.11
3	9.05	43.95	285.87	23.68	2778.82
3	9.05	43.95	285.74	21.79	2588.26
3	9.05	43.95	285.62	26.74	3129.09
3	9.05	43.95	285.49	30.31	3565.34
3	9.05	43.95	285.37	30.8	3989.65
3	9.05	43.95	285.24	29.11	3834.9
3	9.05	43.95	285.12	28.02	3752.09
3	9.05	43.95	284.99	26.83	3706.49
3	9.05	43.95	284.87	23.25	3208.92
3	9.05	43.95	284.74	23.64	3828.04
3	9.05	43.95	284.62	24.38	3899.52
3	9.05	43.95	284.49	28.39	5015.73
3	9.05	43.95	284.37	26.61	4207.07
3	9.05	43.95	284.24	28.74	5558.21
3	9.05	43.95	284.12	32.28	7870.21
3	9.05	43.95	283.99	29.45	6914.45
3	9.05	43.95	283.87	32.91	8483.32
3	9.05	43.95	283.74	31.77	7601.8
3	9.05	43.95	283.62	30.21	7037.53
3	9.05	43.95	283.49	26.63	5352.05
3	9.05	43.95	283.37	29.45	6046.79
3	9.05	43.95	283.24	30.06	5812.11
3	9.05	43.95	283.12	28.03	5276.85
3	9.05	43.95	282.99	28.83	5552.04
3	9.05	43.95	282.87	26.36	4617.51
3	9.05	43.95	282.74	27.05	4523.4
3	9.05	43.95	282.62	27.93	5248.17
3	9.05	43.95	282.49	27.93	5766.99
3	9.05	43.95	282.37	28.5	6393.65
3	9.05	43.95	282.24	30.27	7567.44
3	9.05	43.95	282.12	34	9780.66
3	9.05	43.95	281.99	36.71	10509.4
3	9.05	43.95	281.87	35.13	9363.3
3	9.05	43.95	281.74	34.65	9122.25
3	9.05	43.95	281.62	32.82	5944.29
3	9.05	43.95	281.49	30.21	4596.1
3	9.05	43.95	281.37	29.46	4799.15
3	9.05	43.95	281.24	29.21	4800.01
3	9.05	43.95	281.12	30.45	5675.05
3	9.05	43.95	280.99	30.89	6437.8
3	9.05	43.95	280.87	31.38	7119.79
3	9.05	43.95	280.74	31.21	7432.72
3	9.05	43.95	280.62	30.98	5474.05
3	9.05	43.95	280.49	30.51	4815.9
3	9.05	43.95	280.37	31.34	6196.54
3	9.05	43.95	280.24	30.72	7107.9
3	9.05	43.95	280.12	29.47	7009.75
3	9.05	43.95	279.99	34.45	10680.6
3	9.05	43.95	279.87	35.19	11549.15
3	9.05	43.95	279.74	32	9215.81
3	9.05	43.95	279.62	31.31	8718.66
3	9.05	43.95	279.49	30.89	8416.05
3	9.05	43.95	279.37	30	7888.4
3	9.05	43.95	279.24	33.15	9886.72
3	9.05	43.95	279.12	32.15	9151.89
3	9.05	43.95	278.99	33.05	9697.08
3	9.05	43.95	278.87	33.63	9721.16
3	9.05	43.95	278.74	32.13	8308.2
3	9.05	43.95	278.62	29.55	6785.82
3	9.05	43.95	278.49	30.6	5676.89
3	9.05	43.95	278.37	27.02	3643.14
3	9.05	43.95	278.24	23.97	2760.41
3	9.05	43.95	278.12	26.85	3060.14
3	9.05	43.95	277.99	30.75	3624.2
3	9.05	43.95	277.87	30.02	4436.83
3	9.05	43.95	277.74	29.82	4736.09
3	9.05	43.95	277.62	29.57	4203.66
3	9.05	43.95	277.49	29.04	4091.94
3	9.05	43.95	277.37	22.2	2725.04
3	9.05	43.95	277.24	15.58	1603.99
3	9.05	43.95	277.12	8.65	866.65
3	9.05	43.95	276.99	22.1	2259.98
3	9.05	43.95	276.87	26.19	2823.62
3	9.05	43.95	276.74	26.3	3196.67
3	9.05	43.95	276.62	27.18	3685.3
3	9.05	43.95	276.49	30.69	4605.24
3	9.05	43.95	276.37	29.77	4626.27
3	9.05	43.95	276.24	30.04	5494.18
3	9.05	43.95	276.12	27.58	4774.01
3	9.05	43.95	275.99	30.17	5033.94
3	9.05	43.95	275.87	28.64	4040.57
3	9.05	43.95	275.74	30.05	3958.16
3	9.05	43.95	275.62	31.52	3975.96
3	9.05	43.95	275.49	34.47	5034.91
3	9.05	43.95	275.37	35.49	6508.04
3	9.05	43.95	275.24	31.92	5838.58
3	9.05	43.95	275.12	27.68	4572.76
3	9.05	43.95	274.99	25.4	3481.02
3	9.05	43.95	274.87	24.84	2947.02
3	9.05	43.95	274.74	22.29	2386.38
3	9.05	43.95	274.62	15.37	1550.33
3	9.05	43.95	274.49	9.13	913.44
3	9.05	43.95	274.37	4.2	420.01
3	9.05	43.95	274.24	4.09	409
3	9.05	43.95	274.12	4.72	472.01
3	9.05	43.95	273.99	6.04	604.06
3	9.05	43.95	273.87	9.53	953.36
3	9.05	43.95	273.74	18.9	1918.95
3	9.05	43.95	273.62	23.58	2486.82
3	9.05	43.95	273.49	26.12	2919.11
3	9.05	43.95	273.37	18.86	1986.52
3	9.05	43.95	273.24	17.09	1784.88
3	9.05	43.95	273.12	16.44	1704.53
3	9.05	43.95	272.99	15.72	1581.18
3	9.05	43.95	272.87	13.14	1316.57
3	9.05	43.95	272.74	10.09	1010.1
3	9.05	43.95	272.62	8.34	834.26
3	9.05	43.95	272.49	10.14	1014.69
3	9.05	43.95	272.37	14.15	1418.44
3	9.05	43.95	272.24	10.96	1096.03
3	9.05	43.95	272.12	4.37	437.01
3	9.05	43.95	271.99	1.87	187
3	9.05	43.95	271.87	4.33	433
3	9.05	43.95	271.74	0	0
3	9.05	43.95	271.62	2.69	269
3	9.05	43.95	271.49	15.89	1595.39
3	9.05	43.95	271.37	20.59	2078.5
3	9.05	43.95	271.24	18.67	1876.1
3	9.05	43.95	271.12	16.31	1637.3
3	9.05	43.95	270.99	14.54	1458.66
3	9.05	43.95	270.87	13.62	1366.45
3	9.05	43.95	270.74	13.42	1344.87
3	9.05	43.95	270.62	15.27	1533.03
3	9.05	43.95	270.49	17.43	1753.14
3	9.05	43.95	270.37	16.78	1682.68
3	9.05	43.95	270.24	21.85	2203.32
3	9.05	43.95	270.12	24.44	2489.46
3	9.05	43.95	269.99	25.63	2656.67
3	9.05	43.95	269.87	27.56	2951.99
3	9.05	43.95	269.74	25.15	2654.51
3	9.05	43.95	269.62	25.37	2719.5
3	9.05	43.95	269.49	21.1	2182.49
4	49.5	44.1	287.82	20.55	2105.47
4	49.5	44.1	287.69	19.16	1967.82
4	49.5	44.1	287.57	18.9	1966.33
4	49.5	44.1	287.44	17.26	1826.7
4	49.5	44.1	287.32	17.5	1813.44
4	49.5	44.1	287.19	21.54	2215.25
4	49.5	44.1	287.07	25.32	2851.95
4	49.5	44.1	286.94	23.73	2742.36
4	49.5	44.1	286.82	22.06	2578.89
4	49.5	44.1	286.69	20.75	2270.6
4	49.5	44.1	286.57	20.32	2081.09
4	49.5	44.1	286.44	21.54	2244.71
4	49.5	44.1	286.32	24.39	2662.92
4	49.5	44.1	286.19	24.49	2770.24
4	49.5	44.1	286.07	21.68	2331.88
4	49.5	44.1	285.94	18.85	1920.62
4	49.5	44.1	285.82	19.88	2032.01
4	49.5	44.1	285.69	20.58	2142.02
4	49.5	44.1	285.57	21.52	2232.31
4	49.5	44.1	285.44	20.91	2112.93
4	49.5	44.1	285.32	21.68	2297.39
4	49.5	44.1	285.19	22.79	2651.92
4	49.5	44.1	285.07	23.24	2819.21
4	49.5	44.1	284.94	24.64	2694.56
4	49.5	44.1	284.82	25.11	2769.73
4	49.5	44.1	284.69	23.2	2483.42
4	49.5	44.1	284.57	20.89	2179.49
4	49.5	44.1	284.44	21.45	2215.01
4	49.5	44.1	284.32	23.07	2604.57
4	49.5	44.1	284.19	25.5	3580.59
4	49.5	44.1	284.07	27.07	4162.46
4	49.5	44.1	283.94	25.86	3573.23
4	49.5	44.1	283.82	27.2	3501.34
4	49.5	44.1	283.69	28.81	3739.5
4	49.5	44.1	283.57	26.05	3081.54
4	49.5	44.1	283.44	21.27	2319.27
4	49.5	44.1	283.32	20.57	2268.6
4	49.5	44.1	283.19	20.81	2566.5
4	49.5	44.1	283.07	22.44	3048.43
4	49.5	44.1	282.94	23.4	3388.49
4	49.5	44.1	282.82	24.99	3832.59
4	49.5	44.1	282.69	25.76	3674.81
4	49.5	44.1	282.57	26.21	4010.88
4	49.5	44.1	282.44	25.7	4016.67
4	49.5	44.1	282.32	24.78	3498.92
4	49.5	44.1	282.19	24.4	3466.09
4	49.5	44.1	282.07	25.91	4188.27
4	49.5	44.1	281.94	26.54	4681.5
4	49.5	44.1	281.82	26.71	4769.64
4	49.5	44.1	281.69	24.6	4020.26
4	49.5	44.1	281.57	25.25	4082.2
4	49.5	44.1	281.44	25.63	4121.08
4	49.5	44.1	281.32	27.81	4779.75
4	49.5	44.1	281.19	27.57	4634.42
4	49.5	44.1	281.07	26.64	4209.54
4	49.5	44.1	280.94	25.91	3940.98
4	49.5	44.1	280.82	26.02	4004.39
4	49.5	44.1	280.69	27.03	4400.3
4	49.5	44.1	280.57	26.61	3992.19
4	49.5	44.1	280.44	24.88	3508.44
4	49.5	44.1	280.32	23.91	2938.79
4	49.5	44.1	280.19	23.61	2703.79
4	49.5	44.1	280.07	23.68	3399.92
4	49.5	44.1	279.94	25.12	4322.35
4	49.5	44.1	279.82	26.01	4481.21
4	49.5	44.1	279.69	24.6	3736.02
4	49.5	44.1	279.57	26.32	4434.76
4	49.5	44.1	279.44	27.38	5016.14
4	49.5	44.1	279.32	28.66	5694.61
4	49.5	44.1	279.19	28.15	5536.65
4	49.5	44.1	279.07	25.72	3879.44
4	49.5	44.1	278.94	25.67	3690.14
4	49.5	44.1	278.82	25.66	3375.82
4	49.5	44.1	278.69	25.5	3178.9
4	49.5	44.1	278.57	24.32	2910.01
4	49.5	44.1	278.44	23.78	2859.42
4	49.5	44.1	278.32	25.59	3483.6
4	49.5	44.1	278.19	27.4	4451.05
4	49.5	44.1	278.07	29.16	4915.55
4	49.5	44.1	277.94	28.82	4904.43
4	49.5	44.1	277.82	29.29	4955.88
4	49.5	44.1	277.69	30.65	5049.04
4	49.5	44.1	277.57	30.61	5276.16
4	49.5	44.1	277.44	29.26	5033.39
4	49.5	44.1	277.32	28.81	5058.18
4	49.5	44.1	277.19	26.28	4267.52
4	49.5	44.1	277.07	25.88	4072.74
4	49.5	44.1	276.94	26.52	4185.86
4	49.5	44.1	276.82	25.08	3633.9
4	49.5	44.1	276.69	24.38	3293.64
4	49.5	44.1	276.57	24.43	3273.26
4	49.5	44.1	276.44	26.11	3989.1
4	49.5	44.1	276.32	30.24	4699.87
4	49.5	44.1	276.19	28.5	3612.97
4	49.5	44.1	276.07	25.86	2851.79
4	49.5	44.1	275.94	23.87	2512.16
4	49.5	44.1	275.82	23.51	2485.3
4	49.5	44.1	275.69	25.05	2682.78
4	49.5	44.1	275.57	21.41	2248.05
4	49.5	44.1	275.44	19.99	2055.51
4	49.5	44.1	275.32	18.02	1818.73
4	49.5	44.1	275.19	19.58	2015.72
4	49.5	44.1	275.07	24.97	2859.73
4	49.5	44.1	274.94	26.33	3345.34
4	49.5	44.1	274.82	25.44	3472.43
4	49.5	44.1	274.69	25.42	3639.17
4	49.5	44.1	274.57	26.06	3858.89
4	49.5	44.1	274.44	25.51	3835.05
4	49.5	44.1	274.32	23.27	3031.62
4	49.5	44.1	274.19	19.14	2067.92
4	49.5	44.1	274.07	13.28	1339.77
4	49.5	44.1	273.94	8.54	854.57
4	49.5	44.1	273.82	5.78	578.03
4	49.5	44.1	273.69	5.04	504.01
4	49.5	44.1	273.57	8.44	844.33
4	49.5	44.1	273.44	12.22	1225.12
4	49.5	44.1	273.32	20.62	2085.61
4	49.5	44.1	273.19	22.67	2343.27
4	49.5	44.1	273.07	24.98	2825.56
4	49.5	44.1	272.94	29.34	4211.29
4	49.5	44.1	272.82	30.39	5174.83
4	49.5	44.1	272.69	29.37	4799.09
4	49.5	44.1	272.57	28.11	3236.13
4	49.5	44.1	272.44	25.94	2818.83
4	49.5	44.1	272.32	27.82	3513.7
4	49.5	44.1	272.19	27.67	4268.04
4	49.5	44.1	272.07	27.63	5260.52
4	49.5	44.1	271.94	30.23	6489.12
4	49.5	44.1	271.82	29.12	4035.38
4	49.5	44.1	271.69	29.12	3481.67
4	49.5	44.1	271.57	32.4	4564.27
4	49.5	44.1	271.44	33.81	6473.83
4	49.5	44.1	271.32	33.49	6538.86
4	49.5	44.1	271.19	30.86	3933.15
4	49.5	44.1	271.07	29.46	4143.31
4	49.5	44.1	270.94	28.83	4436.34
4	49.5	44.1	270.82	29.19	4162.72
4	49.5	44.1	270.69	29.13	4217.37
4	49.5	44.1	270.57	28.29	3861.98
4	49.5	44.1	270.44	26.14	3177.55
4	49.5	44.1	270.32	24.39	3090.31
4	49.5	44.1	270.19	27.06	3293.83
4	49.5	44.1	270.07	24.49	2573.81
4	49.5	44.1	269.94	22.81	2418.53
4	49.5	44.1	269.82	23.79	2693.32
4	49.5	44.1	269.69	25.25	2804.79
4	49.5	44.1	269.57	22.8	2421.42
4	49.5	44.1	269.44	9.24	926.02
4	49.5	44.1	269.32	0	0
4	49.5	44.1	269.19	0	0
5	83.4	47	287.53	4.79	479.03
5	83.4	47	287.4	8.02	802.23
5	83.4	47	287.28	8.59	859.35
5	83.4	47	287.15	6.73	673.09
5	83.4	47	287.03	6.56	656.12
5	83.4	47	286.9	8.95	895.7
5	83.4	47	286.78	13.76	1380.29
5	83.4	47	286.65	17.08	1717.3
5	83.4	47	286.53	19.39	1963.28
5	83.4	47	286.4	23.85	2522.99
5	83.4	47	286.28	28.99	3528.9
5	83.4	47	286.15	27.11	3451.89
5	83.4	47	286.03	30.91	4413.02
5	83.4	47	285.9	27.35	3427.88
5	83.4	47	285.78	27.05	3177.27
5	83.4	47	285.65	24.66	3412.09
5	83.4	47	285.53	21.61	2689.56
5	83.4	47	285.4	19.85	2240.19
5	83.4	47	285.28	20.38	2624.17
5	83.4	47	285.15	23.79	4013.61
5	83.4	47	285.03	26.37	5152.07
5	83.4	47	284.9	25.77	4983.95
5	83.4	47	284.78	22.24	3463.32
5	83.4	47	284.65	26.04	4601.66
5	83.4	47	284.53	28.85	4629.3
5	83.4	47	284.4	30.83	4699.71
5	83.4	47	284.28	33.28	6373.45
5	83.4	47	284.15	29.54	4306.61
5	83.4	47	284.03	28.14	4606.21
5	83.4	47	283.9	27.33	5276.66
5	83.4	47	283.78	28.26	5634.95
5	83.4	47	283.65	26.62	4020.68
5	83.4	47	283.53	25.63	3359.4
5	83.4	47	283.4	24.32	2767.99
5	83.4	47	283.28	23.57	2463.79
5	83.4	47	283.15	23.27	2370.85
5	83.4	47	283.03	24.56	2567.82
5	83.4	47	282.9	27.64	3054.23
5	83.4	47	282.78	31.11	5652.47
5	83.4	47	282.65	31.92	8012.45
5	83.4	47	282.53	32.19	9582.32
5	83.4	47	282.4	33.74	11153.51
5	83.4	47	282.28	33.74	10807.11
5	83.4	47	282.15	33.68	10377.21
5	83.4	47	282.03	33.27	9080.3
5	83.4	47	281.9	30.4	6790.33
5	83.4	47	281.78	28.57	5017.24
5	83.4	47	281.65	28.81	4820.61
5	83.4	47	281.53	25.88	3682.3
5	83.4	47	281.4	22.95	2687.59
5	83.4	47	281.28	28.85	3550.25
5	83.4	47	281.15	31.93	4304.84
5	83.4	47	281.03	31.06	4581.14
5	83.4	47	280.9	29.45	4285.28
5	83.4	47	280.78	28.19	3508.45
5	83.4	47	280.65	26.31	2980.85
5	83.4	47	280.53	27.92	3979.67
5	83.4	47	280.4	32.14	7039.37
5	83.4	47	280.28	36.87	13017.96
5	83.4	47	280.15	33.43	11365.87
5	83.4	47	280.03	31.7	10225.17
5	83.4	47	279.9	32.89	9953.86
5	83.4	47	279.78	33.88	10830.83
5	83.4	47	279.65	37.08	14636.2
5	83.4	47	279.53	37.83	15465.24
5	83.4	47	279.4	36.75	14730.91
5	83.4	47	279.28	34.99	13342.09
5	83.4	47	279.15	35.38	13402.8
5	83.4	47	279.03	33.74	11961.53
5	83.4	47	278.9	32.06	10010.87
5	83.4	47	278.78	30.9	8556.61
5	83.4	47	278.65	31.29	8375.72
5	83.4	47	278.53	33.3	10217.99
5	83.4	47	278.4	33.47	10614.07
5	83.4	47	278.28	32.58	9477.25
5	83.4	47	278.15	35.93	11650.1
5	83.4	47	278.03	35.75	11303.35
5	83.4	47	277.9	35.78	10900.81
5	83.4	47	277.78	36.56	10842.95
5	83.4	47	277.65	36.92	10552.57
5	83.4	47	277.53	36.89	9911.85
5	83.4	47	277.4	36.02	8633.73
5	83.4	47	277.28	34.14	7772.25
5	83.4	47	277.15	32.2	5251.67
5	83.4	47	277.03	30.97	4701.59
5	83.4	47	276.9	33.42	6620.81
5	83.4	47	276.78	35.07	5885.37
5	83.4	47	276.65	32.71	3704.58
5	83.4	47	276.53	26.07	2701.54
5	83.4	47	276.4	15.04	1507.35
5	83.4	47	276.28	7.08	708.06
5	83.4	47	276.15	2.66	266
5	83.4	47	276.03	4	400
5	83.4	47	275.9	8.64	864.23
5	83.4	47	275.78	18.15	1904.07
5	83.4	47	275.65	22.64	3059.88
5	83.4	47	275.53	26.52	4387.39
5	83.4	47	275.4	29.07	4743.83
5	83.4	47	275.28	26.68	3601.2
5	83.4	47	275.15	26.8	4228.32
5	83.4	47	275.03	28.83	6013.03
5	83.4	47	274.9	29.25	6367.11
5	83.4	47	274.78	32.72	8213.34
5	83.4	47	274.65	34.81	9711.77
5	83.4	47	274.53	35.05	9914.12
5	83.4	47	274.4	32.93	6983.72
5	83.4	47	274.28	34.64	5953.33
5	83.4	47	274.15	34.52	4861.26
5	83.4	47	274.03	35.93	5718.7
5	83.4	47	273.9	32.43	5296.44
5	83.4	47	273.78	30.28	3866.95
5	83.4	47	273.65	29.08	3302.66
5	83.4	47	273.53	28.33	3154.7
5	83.4	47	273.4	28.63	3349.51
5	83.4	47	273.28	31.03	3645.96
5	83.4	47	273.15	32.91	3800.09
5	83.4	47	273.03	34.89	5236.28
5	83.4	47	272.9	36.77	8646.04
5	83.4	47	272.78	37.96	8984.03
5	83.4	47	272.65	37.96	8141.62
5	83.4	47	272.53	37.31	9955.86
5	83.4	47	272.4	37.58	11253.79
5	83.4	47	272.28	37.96	12649.17
5	83.4	47	272.15	35.88	10212.65
5	83.4	47	272.03	35.55	8537.05
5	83.4	47	271.9	35.55	8134.79
5	83.4	47	271.78	34	8665.91
5	83.4	47	271.65	32.44	5445.87
5	83.4	47	271.53	33.37	5129.52
5	83.4	47	271.4	35.11	7851.6
5	83.4	47	271.28	36.93	10398.34
5	83.4	47	271.15	36.6	10636.27
5	83.4	47	271.03	32.75	4516.5
5	83.4	47	270.9	31.73	3634.23
5	83.4	47	270.78	36.85	7440.45
5	83.4	47	270.65	37.96	9350.02
5	83.4	47	270.53	36.31	8962.05
5	83.4	47	270.4	34.9	8156.56
5	83.4	47	270.28	35.65	7871.95
5	83.4	47	270.15	32.51	6095.22
5	83.4	47	270.03	32.58	5346.69
5	83.4	47	269.9	32.55	4225.8
5	83.4	47	269.78	28.66	3305.83
5	83.4	47	269.65	22.98	2345.17
5	83.4	47	269.53	10.55	1064.89
5	83.4	47	269.4	20.38	2060.19
6	56.9	85.7	287.77	20.88	2249.85
6	56.9	85.7	287.64	15.07	1548.07
6	56.9	85.7	287.52	11.4	1149.7
6	56.9	85.7	287.39	11.26	1129.54
6	56.9	85.7	287.27	10.81	1082.19
6	56.9	85.7	287.14	15.25	1531.92
6	56.9	85.7	287.02	14.41	1446.55
6	56.9	85.7	286.89	7.59	759.18
6	56.9	85.7	286.77	8.04	804.2
6	56.9	85.7	286.64	6.08	608.07
6	56.9	85.7	286.52	7.14	714.13
6	56.9	85.7	286.39	4.54	454.02
6	56.9	85.7	286.27	4.17	417.01
6	56.9	85.7	286.14	6.57	657.07
6	56.9	85.7	286.02	10.15	1015.86
6	56.9	85.7	285.89	15.09	1517.02
6	56.9	85.7	285.77	18.13	1842.72
6	56.9	85.7	285.64	19.08	1936.71
6	56.9	85.7	285.52	16.09	1616.89
6	56.9	85.7	285.39	16.59	1667.24
6	56.9	85.7	285.27	14.02	1405.69
6	56.9	85.7	285.14	20.39	2062.33
6	56.9	85.7	285.02	22.31	2436.92
6	56.9	85.7	284.89	22.14	2665.83
6	56.9	85.7	284.77	21.69	2838.64
6	56.9	85.7	284.64	24.26	3462.02
6	56.9	85.7	284.52	27.86	3860.56
6	56.9	85.7	284.39	28	3769.46
6	56.9	85.7	284.27	27.27	4206.02
6	56.9	85.7	284.14	23.3	3286.59
6	56.9	85.7	284.02	21.48	3067.48
6	56.9	85.7	283.89	23.1	3637.2
6	56.9	85.7	283.77	27.04	4732.72
6	56.9	85.7	283.64	28.96	4913.16
6	56.9	85.7	283.52	28.91	4372.3
6	56.9	85.7	283.39	24.96	2978.48
6	56.9	85.7	283.27	22.78	2847.65
6	56.9	85.7	283.14	30.6	6149.69
6	56.9	85.7	283.02	33.53	8746.8
6	56.9	85.7	282.89	31.55	5839.91
6	56.9	85.7	282.77	32.44	4833.92
6	56.9	85.7	282.64	32.35	4119.41
6	56.9	85.7	282.52	33.05	4022.11
6	56.9	85.7	282.39	34.25	7351
6	56.9	85.7	282.27	34.22	8658.4
6	56.9	85.7	282.14	36.03	10718.49
6	56.9	85.7	282.02	34.22	9467
6	56.9	85.7	281.89	34.33	10495.28
6	56.9	85.7	281.77	30.72	5614.22
6	56.9	85.7	281.64	27.84	3365.38
6	56.9	85.7	281.52	27.53	2953.74
6	56.9	85.7	281.39	27.5	3002.5
6	56.9	85.7	281.27	27.67	2948.47
6	56.9	85.7	281.14	27.64	2995.14
6	56.9	85.7	281.02	28.16	3397.95
6	56.9	85.7	280.89	31.91	4349.55
6	56.9	85.7	280.77	32.96	5628.57
6	56.9	85.7	280.64	34.67	6985.7
6	56.9	85.7	280.52	36.06	6919.75
6	56.9	85.7	280.39	35.22	9902.31
6	56.9	85.7	280.27	32.79	10270.11
6	56.9	85.7	280.14	33.26	10766.51
6	56.9	85.7	280.02	34.18	11687.35
6	56.9	85.7	279.89	33.4	10113.97
6	56.9	85.7	279.77	32.28	7340.02
6	56.9	85.7	279.64	31.49	5512.48
6	56.9	85.7	279.52	33.89	4991.74
6	56.9	85.7	279.39	37.89	10616.96
6	56.9	85.7	279.27	34.45	7141
6	56.9	85.7	279.14	34.67	6160.77
6	56.9	85.7	279.02	34.33	8591.2
6	56.9	85.7	278.89	32.4	7722.8
6	56.9	85.7	278.77	30.56	5202.33
6	56.9	85.7	278.64	28.91	4714.53
6	56.9	85.7	278.52	27.03	4386.99
6	56.9	85.7	278.39	31.78	6071.89
6	56.9	85.7	278.27	32.67	5299.87
6	56.9	85.7	278.14	31.38	4480.51
6	56.9	85.7	278.02	28.48	4544.47
6	56.9	85.7	277.89	27.69	4108.19
6	56.9	85.7	277.77	31.04	5141.11
6	56.9	85.7	277.64	30.79	5217.9
6	56.9	85.7	277.52	30.98	7230.02
6	56.9	85.7	277.39	31.82	8543.18
6	56.9	85.7	277.27	34.08	10018.95
6	56.9	85.7	277.14	32.79	9474.98
6	56.9	85.7	277.02	32.84	10003.78
6	56.9	85.7	276.89	31.84	9311.44
6	56.9	85.7	276.77	31.83	8468.5
6	56.9	85.7	276.64	30.94	6616.9
6	56.9	85.7	276.52	30.77	5325.07
6	56.9	85.7	276.39	30.96	6321.29
6	56.9	85.7	276.27	30.37	4868.41
6	56.9	85.7	276.14	29.84	4259.28
6	56.9	85.7	276.02	30.03	4674.1
6	56.9	85.7	275.89	26.57	3823.43
6	56.9	85.7	275.77	22.71	2545.3
6	56.9	85.7	275.64	20.84	2173.63
6	56.9	85.7	275.52	21.36	2216.12
6	56.9	85.7	275.39	22.03	2298.22
6	56.9	85.7	275.27	19.13	1960.81
6	56.9	85.7	275.14	16.41	1661.86
6	56.9	85.7	275.02	14.23	1433.02
6	56.9	85.7	274.89	15.49	1563.29
6	56.9	85.7	274.77	21.02	2158.55
6	56.9	85.7	274.64	21.32	2186.17
6	56.9	85.7	274.52	20.73	2114.45
6	56.9	85.7	274.39	20.73	2107.56
6	56.9	85.7	274.27	21.12	2153.93
6	56.9	85.7	274.14	19.33	1960.06
6	56.9	85.7	274.02	19.19	1954.6
6	56.9	85.7	273.89	22.82	2370.91
6	56.9	85.7	273.77	26.33	2892.38
6	56.9	85.7	273.64	30.02	3840.38
6	56.9	85.7	273.52	31.58	5519.08
6	56.9	85.7	273.39	31.69	6226.8
6	56.9	85.7	273.27	30.32	5473.27
6	56.9	85.7	273.14	28.59	3867.97
6	56.9	85.7	273.02	28.31	3366.58
6	56.9	85.7	272.89	28.53	3807.66
6	56.9	85.7	272.77	29	4626.12
6	56.9	85.7	272.64	29.33	4891.8
6	56.9	85.7	272.52	27.57	3446.71
6	56.9	85.7	272.39	28.71	3672.31
6	56.9	85.7	272.27	29.88	4132.12
6	56.9	85.7	272.14	31.56	4271.51
6	56.9	85.7	272.02	34.55	6812.78
6	56.9	85.7	271.89	36.53	11309.36
6	56.9	85.7	271.77	34.99	11452.95
6	56.9	85.7	271.64	33.98	8238.36
6	56.9	85.7	271.52	30.29	5187.96
6	56.9	85.7	271.39	30.06	5097.12
6	56.9	85.7	271.27	31.66	6204.13
6	56.9	85.7	271.14	35.14	7778.94
6	56.9	85.7	271.02	31.9	4394.3
6	56.9	85.7	270.89	29.94	3877.11
6	56.9	85.7	270.77	30.75	4024.14
6	56.9	85.7	270.64	27.87	3622.68
6	56.9	85.7	270.52	26.45	3218.37
6	56.9	85.7	270.39	26.83	3866.05
6	56.9	85.7	270.27	28.84	4254.01
6	56.9	85.7	270.14	34.71	4940.34
6	56.9	85.7	270.02	33.53	5691.78
6	56.9	85.7	269.89	31.97	6232
6	56.9	85.7	269.77	31.01	6301.3
6	56.9	85.7	269.64	26.93	3167.32
6	56.9	85.7	269.52	24.33	2734.03
6	56.9	85.7	269.39	22.46	2291.6
7	50.7	50	287.83	18.09	1833.56
7	50.7	50	287.7	18.9	1926.01
7	50.7	50	287.58	18.74	1957.52
7	50.7	50	287.45	18.66	2043.37
7	50.7	50	287.33	17.98	1903.42
7	50.7	50	287.2	17.94	1817.03
7	50.7	50	287.08	18.88	1914.92
7	50.7	50	286.95	18.05	1881.11
7	50.7	50	286.83	18.63	2043.55
7	50.7	50	286.7	22.28	2627.84
7	50.7	50	286.58	22.95	2663.29
7	50.7	50	286.45	24.29	2768.69
7	50.7	50	286.33	23.57	2508.26
7	50.7	50	286.2	22.59	2411.2
7	50.7	50	286.08	24.32	2738.41
7	50.7	50	285.95	24.36	2735.38
7	50.7	50	285.83	23.69	2492.75
7	50.7	50	285.7	22.41	2315.8
7	50.7	50	285.58	21.26	2204.1
7	50.7	50	285.45	22.75	2455.88
7	50.7	50	285.33	24.38	2663.15
7	50.7	50	285.2	21.79	2274.19
7	50.7	50	285.08	23.32	2432.9
7	50.7	50	284.95	26.73	2993.66
7	50.7	50	284.83	29.1	3746.88
7	50.7	50	284.7	29	3679.28
7	50.7	50	284.58	28.42	3762.07
7	50.7	50	284.45	26.52	3206.88
7	50.7	50	284.33	24.34	2649.74
7	50.7	50	284.2	23.36	2449.94
7	50.7	50	284.08	24.39	2556.81
7	50.7	50	283.95	23.62	2506.78
7	50.7	50	283.83	17.83	1825.54
7	50.7	50	283.7	14.69	1476.75
7	50.7	50	283.58	16.13	1619.28
7	50.7	50	283.45	11.75	1176.03
7	50.7	50	283.33	11.05	1105.62
7	50.7	50	283.2	10.22	1022.39
7	50.7	50	283.08	11.96	1197.64
7	50.7	50	282.95	17.86	1868.07
7	50.7	50	282.83	22.81	2956.51
7	50.7	50	282.7	21.64	2992.62
7	50.7	50	282.58	22.6	3240.37
7	50.7	50	282.45	24.71	3624.27
7	50.7	50	282.33	27.75	4382.41
7	50.7	50	282.2	27.97	4547.53
7	50.7	50	282.08	25.31	3806.19
7	50.7	50	281.95	25.99	3746.18
7	50.7	50	281.83	25.81	3807.35
7	50.7	50	281.7	25.03	3744.92
7	50.7	50	281.58	23.92	3548.66
7	50.7	50	281.45	23.94	3430.77
7	50.7	50	281.33	25.59	3440.86
7	50.7	50	281.2	25.23	3076.09
7	50.7	50	281.08	23.45	2760.93
7	50.7	50	280.95	21.16	2217.23
7	50.7	50	280.83	21.87	2301.98
7	50.7	50	280.7	24.63	3191.37
7	50.7	50	280.58	28.15	4198.46
7	50.7	50	280.45	28.05	3663.67
7	50.7	50	280.33	28.15	3480.44
7	50.7	50	280.2	27.65	3728.78
7	50.7	50	280.08	28.89	4968.16
7	50.7	50	279.95	31.02	5859.71
7	50.7	50	279.83	29.01	4962.11
7	50.7	50	279.7	28.56	4579.6
7	50.7	50	279.58	28.78	4324.95
7	50.7	50	279.45	27.92	4240.67
7	50.7	50	279.33	27.3	3961.04
7	50.7	50	279.2	29.15	4644.58
7	50.7	50	279.08	29.95	5033.63
7	50.7	50	278.95	31.23	5211.31
7	50.7	50	278.83	30.55	4829.12
7	50.7	50	278.7	29.3	4582.35
7	50.7	50	278.58	29.91	5065.03
7	50.7	50	278.45	28.63	4807.5
7	50.7	50	278.33	26.61	3783.63
7	50.7	50	278.2	25.51	3272.61
7	50.7	50	278.08	26.17	3620.01
7	50.7	50	277.95	26.13	3724.73
7	50.7	50	277.83	26.94	3193.75
7	50.7	50	277.7	27.56	3086.18
7	50.7	50	277.58	27.63	3369.62
7	50.7	50	277.45	26.58	3293.15
7	50.7	50	277.33	27	3265.65
7	50.7	50	277.2	28.56	4062.09
7	50.7	50	277.08	31.19	5396.58
7	50.7	50	276.95	31.23	5273.34
7	50.7	50	276.83	30.32	4705.7
7	50.7	50	276.7	31.29	4875.06
7	50.7	50	276.58	31.22	5697.67
7	50.7	50	276.45	31.48	4860.97
7	50.7	50	276.33	28.91	3584.21
7	50.7	50	276.2	26.01	3041.65
7	50.7	50	276.08	26.87	3597.53
7	50.7	50	275.95	29.07	4506.35
7	50.7	50	275.83	29.4	4341.56
7	50.7	50	275.7	31.27	4813.74
7	50.7	50	275.58	30.69	4237.85
7	50.7	50	275.45	28.45	3542.92
7	50.7	50	275.33	25.62	2896.73
7	50.7	50	275.2	24.27	2683.24
7	50.7	50	275.08	21.77	2308.64
7	50.7	50	274.95	23	2577.09
7	50.7	50	274.83	23.32	2719.77
7	50.7	50	274.7	21.09	2375.6
7	50.7	50	274.58	15.29	1563.26
7	50.7	50	274.45	6.87	687.38
7	50.7	50	274.33	0.41	41
7	50.7	50	274.2	2.52	252
7	50.7	50	274.08	9.73	973.24
7	50.7	50	273.95	18.57	1866.66
7	50.7	50	273.83	21.72	2205.07
7	50.7	50	273.7	20.58	2107.58
7	50.7	50	273.58	17.35	1754.79
7	50.7	50	273.45	16.44	1648.6
7	50.7	50	273.33	19.59	2002.58
7	50.7	50	273.2	22.21	2300.27
7	50.7	50	273.08	23.75	2469.25
7	50.7	50	272.95	26.34	3079.09
7	50.7	50	272.83	24.54	3489.37
7	50.7	50	272.7	20.85	2179.92
7	50.7	50	272.58	19.6	1999.41
7	50.7	50	272.45	21.57	2211.11
7	50.7	50	272.33	25.31	2955.89
7	50.7	50	272.2	27.5	3066.67
7	50.7	50	272.08	27.82	3106.81
7	50.7	50	271.95	30.15	4336.79
7	50.7	50	271.83	28.61	3570.66
7	50.7	50	271.7	28.94	3479.68
7	50.7	50	271.58	31.4	4946.78
7	50.7	50	271.45	32.5	5535.7
7	50.7	50	271.33	31	4833.14
7	50.7	50	271.2	29.3	3723.36
7	50.7	50	271.08	28.76	3889.13
7	50.7	50	270.95	28.3	4359.53
7	50.7	50	270.83	28.85	4426.04
7	50.7	50	270.7	27.53	3766.89
7	50.7	50	270.58	27.7	3346.43
7	50.7	50	270.45	29.91	3731.33
7	50.7	50	270.33	30.77	4471.17
7	50.7	50	270.2	28.17	3698.4
7	50.7	50	270.08	26.01	3032.65
7	50.7	50	269.95	26.76	3279.94
7	50.7	50	269.83	25.01	2752.1
7	50.7	50	269.7	23.01	2538.79
7	50.7	50	269.58	20	2203.08
7	50.7	50	269.45	14.42	1449.75
7	50.7	50	269.33	7.32	732.03
7	50.7	50	269.2	3.33	333
7	50.7	50	269.08	0.21	21
7	50.7	50	268.95	0	0
8	56.7	50	287.79	21.52	2237.36
8	56.7	50	287.66	19.71	1994.07
8	56.7	50	287.54	18.85	1909.19
8	56.7	50	287.41	17.68	1878.58
8	56.7	50	287.29	17.57	1984.13
8	56.7	50	287.16	22.25	2918.81
8	56.7	50	287.04	25.29	3624.49
8	56.7	50	286.91	25.07	3054.21
8	56.7	50	286.79	23.12	2455.53
8	56.7	50	286.66	22.22	2492.49
8	56.7	50	286.54	22.55	2931.01
8	56.7	50	286.41	22.55	3405.77
8	56.7	50	286.29	24.5	4428.53
8	56.7	50	286.16	27.74	5985.83
8	56.7	50	286.04	27.45	5512.13
8	56.7	50	285.91	24.91	4126.76
8	56.7	50	285.79	27.02	4728.95
8	56.7	50	285.66	26.03	4461.61
8	56.7	50	285.54	28.51	5269.27
8	56.7	50	285.41	26.44	4178.82
8	56.7	50	285.29	24.01	2924.58
8	56.7	50	285.16	22.3	2718.82
8	56.7	50	285.04	25.12	3693.14
8	56.7	50	284.91	23.71	3447.22
8	56.7	50	284.79	22.33	3241.1
8	56.7	50	284.66	23.12	3394.92
8	56.7	50	284.54	26.15	3727.65
8	56.7	50	284.41	28.53	4607.44
8	56.7	50	284.29	30.63	5373.99
8	56.7	50	284.16	27.93	3782.93
8	56.7	50	284.04	25.92	3107.25
8	56.7	50	283.91	26.12	3014.37
8	56.7	50	283.79	23.14	2470.5
8	56.7	50	283.66	19.47	1979.39
8	56.7	50	283.54	20.2	2047.12
8	56.7	50	283.41	18.48	1877.92
8	56.7	50	283.29	15.35	1544.83
8	56.7	50	283.16	12.69	1271.08
8	56.7	50	283.04	10.48	1048.48
8	56.7	50	282.91	14.52	1454.59
8	56.7	50	282.79	19.82	1999.17
8	56.7	50	282.66	23.61	2460.41
8	56.7	50	282.54	25.37	2968.68
8	56.7	50	282.41	26.35	4118.5
8	56.7	50	282.29	27.46	5142.33
8	56.7	50	282.16	27.42	5846.48
8	56.7	50	282.04	26.12	4779.73
8	56.7	50	281.91	26.35	4508.78
8	56.7	50	281.79	26.73	4318.02
8	56.7	50	281.66	28.5	4649.8
8	56.7	50	281.54	26.39	4187.05
8	56.7	50	281.41	25.18	4082.11
8	56.7	50	281.29	24.37	3895.69
8	56.7	50	281.16	27	4723.87
8	56.7	50	281.04	29.23	4687.12
8	56.7	50	280.91	30.04	3978.58
8	56.7	50	280.79	29.78	4411.34
8	56.7	50	280.66	29.36	4478.77
8	56.7	50	280.54	28.61	4609.91
8	56.7	50	280.41	28.02	5684.35
8	56.7	50	280.29	28.87	6246.2
8	56.7	50	280.16	29.68	6107.72
8	56.7	50	280.04	29.58	4991.61
8	56.7	50	279.91	29.17	6165.32
8	56.7	50	279.79	30.54	6970.94
8	56.7	50	279.66	31	6905.56
8	56.7	50	279.54	30.23	6914.18
8	56.7	50	279.41	30.29	6298.41
8	56.7	50	279.29	29.25	5297.14
8	56.7	50	279.16	27.55	4864.31
8	56.7	50	279.04	26.5	4437.02
8	56.7	50	278.91	24.93	2958.38
8	56.7	50	278.79	23.87	2637.16
8	56.7	50	278.66	24.62	2583.19
8	56.7	50	278.54	24.65	2866.37
8	56.7	50	278.41	27.02	3737.48
8	56.7	50	278.29	27.78	4506.22
8	56.7	50	278.16	30.18	4878.91
8	56.7	50	278.04	30.76	5089.18
8	56.7	50	277.91	28.71	5265.66
8	56.7	50	277.79	26.9	4356.65
8	56.7	50	277.66	26.83	4255.16
8	56.7	50	277.54	26.02	4305.59
8	56.7	50	277.41	24.56	3836
8	56.7	50	277.29	24.65	3840.34
8	56.7	50	277.16	27.07	4440.23
8	56.7	50	277.04	27.25	4370.2
8	56.7	50	276.91	28.06	4757.21
8	56.7	50	276.79	29.56	5804.87
8	56.7	50	276.66	30.63	6286.56
8	56.7	50	276.54	30.05	5710.28
8	56.7	50	276.41	28.6	5150.01
8	56.7	50	276.29	26.61	4482.81
8	56.7	50	276.16	26.74	4495.84
8	56.7	50	276.04	30.02	5579.1
8	56.7	50	275.91	29.7	5518.79
8	56.7	50	275.79	30.62	5840.2
8	56.7	50	275.66	31.25	6205.25
8	56.7	50	275.54	28.79	5333.25
8	56.7	50	275.41	29.16	5253.5
8	56.7	50	275.29	29.54	5175.65
8	56.7	50	275.16	29.42	4584.37
8	56.7	50	275.04	28.58	3267.97
8	56.7	50	274.91	27.54	3002.88
8	56.7	50	274.79	28.13	3270.07
8	56.7	50	274.66	28.19	3576.15
8	56.7	50	274.54	28.19	3504.46
8	56.7	50	274.41	30.22	4111.26
8	56.7	50	274.29	30.71	5393.41
8	56.7	50	274.16	29.52	5928.75
8	56.7	50	274.04	27.65	4663.38
8	56.7	50	273.91	25.74	3693.24
8	56.7	50	273.79	24.41	3278.92
8	56.7	50	273.66	24.04	3232.3
8	56.7	50	273.54	25.6	3095.37
8	56.7	50	273.41	29.13	3346.63
8	56.7	50	273.29	31.6	4501.33
8	56.7	50	273.16	31.47	4992.89
8	56.7	50	273.04	29.45	4794
8	56.7	50	272.91	27.86	3772.02
8	56.7	50	272.79	29.61	3662.94
8	56.7	50	272.66	33.07	5502.7
8	56.7	50	272.54	33.84	7223.04
8	56.7	50	272.41	29.82	5400.01
8	56.7	50	272.29	24.98	2738.6
8	56.7	50	272.16	22.58	2321.57
8	56.7	50	272.04	24.03	2513.97
8	56.7	50	271.91	24.63	2619.7
8	56.7	50	271.79	24.88	2626.82
8	56.7	50	271.66	25.03	2920.39
8	56.7	50	271.54	27.7	4065.38
8	56.7	50	271.41	30.48	6225.26
8	56.7	50	271.29	31.41	7464.84
8	56.7	50	271.16	29	4651.12
8	56.7	50	271.04	27.27	4187.43
8	56.7	50	270.91	26.04	3200.28
8	56.7	50	270.79	26.05	2707.21
8	56.7	50	270.66	28.65	3272.27
8	56.7	50	270.54	29.43	3826.09
8	56.7	50	270.41	31.14	3814.24
8	56.7	50	270.29	30.84	5265.04
8	56.7	50	270.16	30.5	5382.56
8	56.7	50	270.04	29.65	4152.52
8	56.7	50	269.91	27.6	3210.82
8	56.7	50	269.79	29.42	3392.88
8	56.7	50	269.66	29.49	3627.88
8	56.7	50	269.54	26.84	3399.96
8	56.7	50	269.41	19.79	2006.3
8	56.7	50	269.29	11.68	1168.36
8	56.7	50	269.16	7.45	745.04
8	56.7	50	269.04	2.72	272
8	56.7	50	268.91	0	0
9	5.46	50	288.33	26.7	2859.78
9	5.46	50	288.2	28.02	3127.27
9	5.46	50	288.08	30.72	3474.72
9	5.46	50	287.95	29	3245.21
9	5.46	50	287.83	30.87	3755.81
9	5.46	50	287.7	28.14	3623.43
9	5.46	50	287.58	26.12	2926.64
9	5.46	50	287.45	27.13	2922.61
9	5.46	50	287.33	27.19	3275.54
9	5.46	50	287.2	25.14	2887.84
9	5.46	50	287.08	24.46	2647.32
9	5.46	50	286.95	26.4	3015.45
9	5.46	50	286.83	27.63	3288.55
9	5.46	50	286.7	26.1	2952.77
9	5.46	50	286.58	25.54	2968.53
9	5.46	50	286.45	25.91	3071.73
9	5.46	50	286.33	26.87	3577
9	5.46	50	286.2	27.1	3679.07
9	5.46	50	286.08	27.11	3444.6
9	5.46	50	285.95	25.63	3220.58
9	5.46	50	285.83	20.42	2418.8
9	5.46	50	285.7	20.96	2250.74
9	5.46	50	285.58	22.55	2606.11
9	5.46	50	285.45	20.46	2359.3
9	5.46	50	285.33	19.91	2035.38
9	5.46	50	285.2	19.17	1954.4
9	5.46	50	285.08	20.07	2101.93
9	5.46	50	284.95	20.14	2178.96
9	5.46	50	284.83	20.62	2237.77
9	5.46	50	284.7	22.27	2559.18
9	5.46	50	284.58	23.46	2950.45
9	5.46	50	284.45	25.4	3875.69
9	5.46	50	284.33	30.37	4031.98
9	5.46	50	284.2	31.18	4202.88
9	5.46	50	284.08	29.17	4035.69
9	5.46	50	283.95	27.37	4158.52
9	5.46	50	283.83	27.38	4692.64
9	5.46	50	283.7	28.74	5122.94
9	5.46	50	283.58	30.86	5055.8
9	5.46	50	283.45	32.09	4799.75
9	5.46	50	283.33	32.09	4360.79
9	5.46	50	283.2	29.72	5165.23
9	5.46	50	283.08	27	4539.5
9	5.46	50	282.95	24.06	3776.15
9	5.46	50	282.83	22.12	3175.54
9	5.46	50	282.7	23.1	3438.83
9	5.46	50	282.58	25.79	4125.18
9	5.46	50	282.45	27.33	4597.83
9	5.46	50	282.33	26.25	4100.66
9	5.46	50	282.2	24.19	3059.62
9	5.46	50	282.08	24.45	2798.99
9	5.46	50	281.95	22.31	2410.34
9	5.46	50	281.83	22.38	2715.82
9	5.46	50	281.7	25.03	3610.81
9	5.46	50	281.58	28.16	3929.95
9	5.46	50	281.45	28.16	3464.6
9	5.46	50	281.33	27.22	3369.94
9	5.46	50	281.2	28.45	4128.07
9	5.46	50	281.08	30.62	5245.18
9	5.46	50	280.95	30.02	4415.65
9	5.46	50	280.83	33.15	4412.01
9	5.46	50	280.7	29.06	4313.86
9	5.46	50	280.58	26.48	4299.98
9	5.46	50	280.45	25	4298.99
9	5.46	50	280.33	25.07	4583.89
9	5.46	50	280.2	26.68	4794.48
9	5.46	50	280.08	27.03	4565.89
9	5.46	50	279.95	26.42	4343.91
9	5.46	50	279.83	26.33	4121.75
9	5.46	50	279.7	25.4	3905.17
9	5.46	50	279.58	25.52	4060.61
9	5.46	50	279.45	28.84	4568.38
9	5.46	50	279.33	30.04	4912.62
9	5.46	50	279.2	31.15	6621.27
9	5.46	50	279.08	32.4	8056.54
9	5.46	50	278.95	30.89	7048.93
9	5.46	50	278.83	28.49	5987.56
9	5.46	50	278.7	29.41	6078.74
9	5.46	50	278.58	28.86	5922.22
9	5.46	50	278.45	28.68	5901.29
9	5.46	50	278.33	26.19	5022.97
9	5.46	50	278.2	23.94	4001.24
9	5.46	50	278.08	22.58	3067.11
9	5.46	50	277.95	26.87	2912.23
9	5.46	50	277.83	28.36	3556.81
9	5.46	50	277.7	27.05	4271.64
9	5.46	50	277.58	28.48	5686.11
9	5.46	50	277.45	30.95	7504.55
9	5.46	50	277.33	30.37	8030.56
9	5.46	50	277.2	26.58	4911.9
9	5.46	50	277.08	26.4	3837.51
9	5.46	50	276.95	25.83	2735.42
9	5.46	50	276.83	26	2888.67
9	5.46	50	276.7	26.15	3246.69
9	5.46	50	276.58	26.99	3605.82
9	5.46	50	276.45	25.63	3136.2
9	5.46	50	276.33	22.94	2579.03
9	5.46	50	276.2	21.96	2251.07
9	5.46	50	276.08	24.51	2541.78
9	5.46	50	275.95	27.37	2940.92
9	5.46	50	275.83	29.85	3355.13
9	5.46	50	275.7	28.91	3671.04
9	5.46	50	275.58	27	3735.99
9	5.46	50	275.45	24.7	3139.93
9	5.46	50	275.33	25.96	3153.55
9	5.46	50	275.2	31.41	4935.26
9	5.46	50	275.08	34.48	7838.69
9	5.46	50	274.95	35.49	5177.17
9	5.46	50	274.83	33.06	3925.31
9	5.46	50	274.7	29.81	3776.44
9	5.46	50	274.58	25.78	3259.59
9	5.46	50	274.45	21.38	2606.95
9	5.46	50	274.33	17.37	1743.21
9	5.46	50	274.2	13.86	1386.66
9	5.46	50	274.08	11.52	1152.25
9	5.46	50	273.95	13.04	1304.44
9	5.46	50	273.83	15.68	1569.3
9	5.46	50	273.7	16.22	1623.93
9	5.46	50	273.58	14.78	1479.06
9	5.46	50	273.45	13.66	1366.66
10	32.9	46.8	288.06	21.11	2200.71
10	32.9	46.8	287.93	22.79	2476.55
10	32.9	46.8	287.81	21.9	2409.93
10	32.9	46.8	287.68	21.25	2184.1
10	32.9	46.8	287.56	23.2	2453.75
10	32.9	46.8	287.43	21.85	2300.54
10	32.9	46.8	287.31	22.72	2409.7
10	32.9	46.8	287.18	23.27	2611.45
10	32.9	46.8	287.06	20.79	2257.46
10	32.9	46.8	286.93	18.3	1873.61
10	32.9	46.8	286.81	19.52	2005.56
10	32.9	46.8	286.68	21.25	2297.3
10	32.9	46.8	286.56	23.59	2813.16
10	32.9	46.8	286.43	23.57	2933.17
10	32.9	46.8	286.31	22.89	2859.04
10	32.9	46.8	286.18	20.99	2601.91
10	32.9	46.8	286.06	22.14	2891.8
10	32.9	46.8	285.93	24.18	3119.18
10	32.9	46.8	285.81	26.13	3441.39
10	32.9	46.8	285.68	26.72	3852.25
10	32.9	46.8	285.56	27.85	4814.03
10	32.9	46.8	285.43	26.88	4127.22
10	32.9	46.8	285.31	27.95	3926.34
10	32.9	46.8	285.18	30.74	4694.94
10	32.9	46.8	285.06	29.64	4685.65
10	32.9	46.8	284.93	27.84	4106.54
10	32.9	46.8	284.81	26.36	3331
10	32.9	46.8	284.68	24.59	2492.19
10	32.9	46.8	284.56	22.37	2456.99
10	32.9	46.8	284.43	22.51	2592.9
10	32.9	46.8	284.31	23.84	2624.88
10	32.9	46.8	284.18	24.72	2666.25
10	32.9	46.8	284.06	25.37	2882.56
10	32.9	46.8	283.93	23.48	2755.57
10	32.9	46.8	283.81	22.09	2746.73
10	32.9	46.8	283.68	21.78	2785.15
10	32.9	46.8	283.56	23.99	3242.74
10	32.9	46.8	283.43	25.09	3323.08
10	32.9	46.8	283.31	22.87	3048.76
10	32.9	46.8	283.18	22.92	3200.73
10	32.9	46.8	283.06	23.65	3612.88
10	32.9	46.8	282.93	25.32	4262.09
10	32.9	46.8	282.81	28.13	4769.11
10	32.9	46.8	282.68	29.74	5041.24
10	32.9	46.8	282.56	29.03	4258.54
10	32.9	46.8	282.43	27.79	3703.96
10	32.9	46.8	282.31	26.67	3507.97
10	32.9	46.8	282.18	25.06	3558.02
10	32.9	46.8	282.06	24.85	3596.04
10	32.9	46.8	281.93	25.94	3672.2
10	32.9	46.8	281.81	25.76	3724.82
10	32.9	46.8	281.68	26.26	3771.35
10	32.9	46.8	281.56	26.67	3788.23
10	32.9	46.8	281.43	26.35	3212.35
10	32.9	46.8	281.31	25.11	2934.62
10	32.9	46.8	281.18	25.17	3075.29
10	32.9	46.8	281.06	25.83	3441.84
10	32.9	46.8	280.93	26.85	3236.71
10	32.9	46.8	280.81	25.51	2988.92
10	32.9	46.8	280.68	27.15	3491.22
10	32.9	46.8	280.56	27.22	3992.69
10	32.9	46.8	280.43	25.87	3542.02
10	32.9	46.8	280.31	25.69	3676.17
10	32.9	46.8	280.18	25.15	3331.98
10	32.9	46.8	280.06	25.44	3681.86
10	32.9	46.8	279.93	27.06	4467.86
10	32.9	46.8	279.81	28.65	5323.71
10	32.9	46.8	279.68	30.74	6295.36
10	32.9	46.8	279.56	31.38	7125.3
10	32.9	46.8	279.43	32.11	9072.17
10	32.9	46.8	279.31	33.59	10795.12
10	32.9	46.8	279.18	32.08	9291.43
10	32.9	46.8	279.06	29.72	7047.58
10	32.9	46.8	278.93	28.55	5409.79
10	32.9	46.8	278.81	27.74	4334.15
10	32.9	46.8	278.68	28.19	4403.84
10	32.9	46.8	278.56	28.26	5026.82
10	32.9	46.8	278.43	27.16	5178.54
10	32.9	46.8	278.31	28.31	5519.28
10	32.9	46.8	278.18	25.25	4832.65
10	32.9	46.8	278.06	26.09	5101.03
10	32.9	46.8	277.93	26.22	4912.57
10	32.9	46.8	277.81	26.62	4718.34
10	32.9	46.8	277.68	26.84	4552.23
10	32.9	46.8	277.56	24.99	4065.03
10	32.9	46.8	277.43	24.51	4124.89
10	32.9	46.8	277.31	25.57	3828.6
10	32.9	46.8	277.18	22.9	2869.61
10	32.9	46.8	277.06	22.34	2439.24
10	32.9	46.8	276.93	25.15	2700.04
10	32.9	46.8	276.81	27.11	3530.34
10	32.9	46.8	276.68	28.12	4778.03
10	32.9	46.8	276.56	28.29	3805.93
10	32.9	46.8	276.43	28.19	3331.16
10	32.9	46.8	276.31	27.78	4287.83
10	32.9	46.8	276.18	24.26	3104.48
10	32.9	46.8	276.06	21.27	2231.47
10	32.9	46.8	275.93	20.21	2062.25
10	32.9	46.8	275.81	19.98	2037.81
10	32.9	46.8	275.68	19.2	1951.62
10	32.9	46.8	275.56	20.48	2097.49
10	32.9	46.8	275.43	23.84	2687.38
10	32.9	46.8	275.31	26.37	3379.41
10	32.9	46.8	275.18	30.32	4766.93
10	32.9	46.8	275.06	31.39	5450.89
10	32.9	46.8	274.93	33.18	5602.48
10	32.9	46.8	274.81	33.91	5876.18
10	32.9	46.8	274.68	30.63	5140.18
10	32.9	46.8	274.56	27.44	4554.39
10	32.9	46.8	274.43	24.19	3106.06
10	32.9	46.8	274.31	22.01	2729.43
10	32.9	46.8	274.18	21.57	2757.84
10	32.9	46.8	274.06	22.85	3288.71
10	32.9	46.8	273.93	23.12	3036.86
10	32.9	46.8	273.81	23.52	2430.92
10	32.9	46.8	273.68	23.16	2345.69
10	32.9	46.8	273.56	22.5	2282.75
10	32.9	46.8	273.43	20.99	2115.47
10	32.9	46.8	273.31	17.72	1775.46
10	32.9	46.8	273.18	16.37	1638.97
11	51.9	46.4	287.79	17.97	1844.35
11	51.9	46.4	287.66	17.61	1884.41
11	51.9	46.4	287.54	16.34	1657.54
11	51.9	46.4	287.41	17.28	1744.25
11	51.9	46.4	287.29	19.92	2083.34
11	51.9	46.4	287.16	22.13	2551.28
11	51.9	46.4	287.04	21.36	2581.66
11	51.9	46.4	286.91	24.9	3563.62
11	51.9	46.4	286.79	26	3836.11
11	51.9	46.4	286.66	23.24	2586.25
11	51.9	46.4	286.54	21.2	2217.1
11	51.9	46.4	286.41	26.7	3494.52
11	51.9	46.4	286.29	29.9	4561.34
11	51.9	46.4	286.16	25.38	3110.56
11	51.9	46.4	286.04	22.9	2597.69
11	51.9	46.4	285.91	23.78	2667.91
11	51.9	46.4	285.79	25.34	2781.49
11	51.9	46.4	285.66	26.18	2823.05
11	51.9	46.4	285.54	26.31	2808.66
11	51.9	46.4	285.41	25.17	2620.31
11	51.9	46.4	285.29	28.78	3344.52
11	51.9	46.4	285.16	29.25	4085.6
11	51.9	46.4	285.04	31.83	6193.43
11	51.9	46.4	284.91	31.56	7537.61
11	51.9	46.4	284.79	29.46	6907.34
11	51.9	46.4	284.66	28.1	5247.39
11	51.9	46.4	284.54	30	4798.47
11	51.9	46.4	284.41	31.15	4197.97
11	51.9	46.4	284.29	31	3817.23
11	51.9	46.4	284.16	32.78	4081.05
11	51.9	46.4	284.04	32.54	4153.01
11	51.9	46.4	283.91	32.29	4184.08
11	51.9	46.4	283.79	32.92	5423.71
11	51.9	46.4	283.66	34.04	5738.99
11	51.9	46.4	283.54	32.1	5191.76
11	51.9	46.4	283.41	29.75	4517.3
11	51.9	46.4	283.29	30.19	4156.83
11	51.9	46.4	283.16	29.05	3622.73
11	51.9	46.4	283.04	26.76	3057.17
11	51.9	46.4	282.91	23.76	2608.51
11	51.9	46.4	282.79	21.22	2285.45
11	51.9	46.4	282.66	22.16	2670.24
11	51.9	46.4	282.54	25.7	4362.98
11	51.9	46.4	282.41	28.87	6668.66
11	51.9	46.4	282.29	30.99	8465.02
11	51.9	46.4	282.16	30.93	8754.59
11	51.9	46.4	282.04	31.56	9315.67
11	51.9	46.4	281.91	32.31	9863.93
11	51.9	46.4	281.79	31.39	9194.24
11	51.9	46.4	281.66	30.49	8597.07
11	51.9	46.4	281.54	29.6	8080.45
11	51.9	46.4	281.41	28.12	7149.25
11	51.9	46.4	281.29	27.1	6517.93
11	51.9	46.4	281.16	29.62	8023.94
11	51.9	46.4	281.04	27.49	6556.43
11	51.9	46.4	280.91	27.22	5868.46
11	51.9	46.4	280.79	26.98	4539.42
11	51.9	46.4	280.66	32.44	5688.15
11	51.9	46.4	280.54	30	4733.53
11	51.9	46.4	280.41	28.92	3828.58
11	51.9	46.4	280.29	31.84	5775.09
11	51.9	46.4	280.16	33.31	8177.46
11	51.9	46.4	280.04	34.03	10509.59
11	51.9	46.4	279.91	33.6	11034.84
11	51.9	46.4	279.79	31.53	9482.4
11	51.9	46.4	279.66	30.29	8974.42
11	51.9	46.4	279.54	32.07	9655.35
11	51.9	46.4	279.41	32.08	8012.84
11	51.9	46.4	279.29	30.13	5683.28
11	51.9	46.4	279.16	31.87	6775.6
11	51.9	46.4	279.04	31.69	7940.31
11	51.9	46.4	278.91	31.86	8118.31
11	51.9	46.4	278.79	33.97	8467.1
11	51.9	46.4	278.66	30.94	6604.94
11	51.9	46.4	278.54	27.91	4210.69
11	51.9	46.4	278.41	28.35	3978.84
11	51.9	46.4	278.29	29.13	4117.01
11	51.9	46.4	278.16	29.82	4746.45
11	51.9	46.4	278.04	31.19	6155.57
11	51.9	46.4	277.91	32.72	7482.48
11	51.9	46.4	277.79	30.34	5825.31
11	51.9	46.4	277.66	28.51	5547.06
11	51.9	46.4	277.54	28.18	6068.21
11	51.9	46.4	277.41	30.85	7324.78
11	51.9	46.4	277.29	33.19	7646.09
11	51.9	46.4	277.16	34.59	9347.47
11	51.9	46.4	277.04	33.08	8739.73
11	51.9	46.4	276.91	31.25	7357.83
11	51.9	46.4	276.79	30.95	7041.73
11	51.9	46.4	276.66	29.96	6456.59
11	51.9	46.4	276.54	28.82	6389.55
11	51.9	46.4	276.41	29.48	6981.67
11	51.9	46.4	276.29	32.34	7945.34
11	51.9	46.4	276.16	34.8	10088.31
11	51.9	46.4	276.04	34.4	10474.42
11	51.9	46.4	275.91	31.87	9010.41
11	51.9	46.4	275.79	29.3	6468.69
11	51.9	46.4	275.66	27.23	3059.97
11	51.9	46.4	275.54	25.31	2679.31
11	51.9	46.4	275.41	22.68	2371.68
11	51.9	46.4	275.29	19.81	2025.93
11	51.9	46.4	275.16	20.03	2035.72
11	51.9	46.4	275.04	17.71	1792.85
11	51.9	46.4	274.91	19.45	1996.29
11	51.9	46.4	274.79	17.63	1780.7
11	51.9	46.4	274.66	16.96	1701.31
11	51.9	46.4	274.54	15.66	1570.88
11	51.9	46.4	274.41	17.33	1736.12
11	51.9	46.4	274.29	19.43	1978.54
11	51.9	46.4	274.16	19.46	2046.79
11	51.9	46.4	274.04	22.51	2361.64
11	51.9	46.4	273.91	32.1	3595.98
11	51.9	46.4	273.79	37.04	5504.72
11	51.9	46.4	273.66	33.32	5588.37
11	51.9	46.4	273.54	36.96	7292.22
11	51.9	46.4	273.41	37.93	9037.53
11	51.9	46.4	273.29	36.38	10673.92
11	51.9	46.4	273.16	35.55	11130.29
11	51.9	46.4	273.04	35.65	11544.12
11	51.9	46.4	272.91	35.53	10526.32
11	51.9	46.4	272.79	33.46	8736.42
11	51.9	46.4	272.66	30.18	5964.64
11	51.9	46.4	272.54	28.24	3539.41
11	51.9	46.4	272.41	26.07	2867.85
11	51.9	46.4	272.29	27.88	3770.45
11	51.9	46.4	272.16	29.68	5861.87
11	51.9	46.4	272.04	28.7	5955.85
11	51.9	46.4	271.91	25.85	3620.82
11	51.9	46.4	271.79	24.06	2875.69
11	51.9	46.4	271.66	25.52	2989.17
11	51.9	46.4	271.54	29.78	4286.9
11	51.9	46.4	271.41	29.51	4288.11
11	51.9	46.4	271.29	31.28	5476.67
11	51.9	46.4	271.16	30.42	6579.66
11	51.9	46.4	271.04	29.31	5858.69
11	51.9	46.4	270.91	32.92	4406.93
11	51.9	46.4	270.79	33.98	6165.38
11	51.9	46.4	270.66	35.29	8362.55
11	51.9	46.4	270.54	31.88	6420.17
11	51.9	46.4	270.41	26.77	3040.3
11	51.9	46.4	270.29	21.94	2291.38
11	51.9	46.4	270.16	20.73	2159.43
11	51.9	46.4	270.04	23.72	2431.69
11	51.9	46.4	269.91	26.95	2975.1
11	51.9	46.4	269.79	27.61	3688.82
11	51.9	46.4	269.66	30.6	5181.99
11	51.9	46.4	269.54	28.74	3849.87
11	51.9	46.4	269.41	25.52	2796.4
11	51.9	46.4	269.29	22.93	2313.88
11	51.9	46.4	269.16	22.03	2223.77
