UTF-A Oil Sand Formation Data
7
Well-No.
X(m)
Y(m)
Depth(m)
Z(m)
Porosity %
Permeablity - mD
1	35.4	41.11	145	288.08	25.13	566.62
1	35.4	41.11	145.13	287.95	26.83	462.57
1	35.4	41.11	145.25	287.83	28.62	364.26
1	35.4	41.11	145.38	287.7	28.7	276.69
1	35.4	41.11	145.5	287.58	26.22	182.68
1	35.4	41.11	145.63	287.45	21.01	108.34
1	35.4	41.11	145.75	287.33	23.5	144.12
1	35.4	41.11	145.88	287.2	24.97	265.44
1	35.4	41.11	146	287.08	25.31	593.51
1	35.4	41.11	146.13	286.95	25.8	755.26
1	35.4	41.11	146.25	286.83	26.96	717.29
1	35.4	41.11	146.38	286.7	29.19	737.32
1	35.4	41.11	146.5	286.58	30.73	2813.79
1	35.4	41.11	146.63	286.45	31.79	3602.3
1	35.4	41.11	146.75	286.33	33.55	3637.22
1	35.4	41.11	146.88	286.2	31.32	2630.93
1	35.4	41.11	147	286.08	27.98	995.2
1	35.4	41.11	147.13	285.95	28.19	1285.42
1	35.4	41.11	147.25	285.83	28.3	1858.94
1	35.4	41.11	147.38	285.7	30.73	3824.96
1	35.4	41.11	147.5	285.58	28.97	2791.86
1	35.4	41.11	147.63	285.45	28.2	2363.42
1	35.4	41.11	147.75	285.33	28.31	2725.57
1	35.4	41.11	147.88	285.2	32.92	4736.71
1	35.4	41.11	148	285.08	37.96	6391.57
1	35.4	41.11	148.13	284.95	37.83	5047.9
1	35.4	41.11	148.25	284.83	34.75	2544.92
1	35.4	41.11	148.38	284.7	32.7	1714.5
1	35.4	41.11	148.5	284.58	31.55	853.49
1	35.4	41.11	148.63	284.45	30.84	686.08
1	35.4	41.11	148.75	284.33	29.27	531.01
1	35.4	41.11	148.88	284.2	24.67	294.04
1	35.4	41.11	149	284.08	23.16	273.1
1	35.4	41.11	149.13	283.95	28.06	3538
1	35.4	41.11	149.25	283.83	27.06	3288.02
1	35.4	41.11	149.38	283.7	27.11	3194.44
1	35.4	41.11	149.5	283.58	26.34	2628.36
1	35.4	41.11	149.63	283.45	28.41	3740.51
1	35.4	41.11	149.75	283.33	31.28	5496.19
1	35.4	41.11	149.88	283.2	33.2	6844.02
1	35.4	41.11	150	283.08	30.62	5492.69
1	35.4	41.11	150.13	282.95	33.43	7419.99
1	35.4	41.11	150.25	282.83	36.64	9902.06
1	35.4	41.11	150.38	282.7	37.96	10561.37
1	35.4	41.11	150.5	282.58	35.16	7412.55
1	35.4	41.11	150.63	282.45	33.24	5222.08
1	35.4	41.11	150.75	282.33	32.44	4342.21
1	35.4	41.11	150.88	282.2	30.55	3941.53
1	35.4	41.11	151	282.08	29.85	3360.14
1	35.4	41.11	151.13	281.95	35.98	6876.35
1	35.4	41.11	151.25	281.83	37.36	7992.4
1	35.4	41.11	151.38	281.7	34.87	6522.14
1	35.4	41.11	151.5	281.58	33.72	6070.79
1	35.4	41.11	151.63	281.45	32.56	4627.98
1	35.4	41.11	151.75	281.33	29.6	2568.59
1	35.4	41.11	151.88	281.2	28.07	1060.02
1	35.4	41.11	152	281.08	26.69	936.62
1	35.4	41.11	152.13	280.95	26.84	1266.37
1	35.4	41.11	152.25	280.83	28.91	1426.58
1	35.4	41.11	152.38	280.7	32.57	1574.71
1	35.4	41.11	152.5	280.58	34.62	3253.63
1	35.4	41.11	152.63	280.45	35.93	6249.84
1	35.4	41.11	152.75	280.33	33.54	6043.79
1	35.4	41.11	152.88	280.2	32.74	4009.59
1	35.4	41.11	153	280.08	32.19	2664.75
1	35.4	41.11	153.13	279.95	31.47	3304.93
1	35.4	41.11	153.25	279.83	32.6	5323.21
1	35.4	41.11	153.38	279.7	32.94	6541.53
1	35.4	41.11	153.5	279.58	30.93	5857.67
1	35.4	41.11	153.63	279.45	33.32	7548.23
1	35.4	41.11	153.75	279.33	34.48	8330.42
1	35.4	41.11	153.88	279.2	34.53	8008.09
1	35.4	41.11	154	279.08	34.13	7599.33
1	35.4	41.11	154.13	278.95	37.96	10488.23
1	35.4	41.11	154.25	278.83	37.96	10574.43
1	35.4	41.11	154.38	278.7	36.78	9614.55
1	35.4	41.11	154.5	278.58	35.98	8893.35
1	35.4	41.11	154.63	278.45	36.4	9108.86
1	35.4	41.11	154.75	278.33	36.33	9047.04
1	35.4	41.11	154.88	278.2	33.91	7097.7
1	35.4	41.11	155	278.08	32.82	5936.12
1	35.4	41.11	155.13	277.95	31.92	4735.95
1	35.4	41.11	155.25	277.83	28.74	2591.31
1	35.4	41.11	155.38	277.7	25.4	751.53
1	35.4	41.11	155.5	277.58	22.6	205.05
1	35.4	41.11	155.63	277.45	21.25	102.6
1	35.4	41.11	155.75	277.33	19.02	48.35
1	35.4	41.11	155.88	277.2	22.14	80.4
1	35.4	41.11	156	277.08	18.71	30.42
1	35.4	41.11	156.13	276.95	26.26	174.09
1	35.4	41.11	156.25	276.83	25.77	184.17
1	35.4	41.11	156.38	276.7	26.45	189.2
1	35.4	41.11	156.5	276.58	27.14	652.83
1	35.4	41.11	156.63	276.45	29.94	2099.58
1	35.4	41.11	156.75	276.33	34.14	4636.56
1	35.4	41.11	156.88	276.2	35.68	6346.21
1	35.4	41.11	157	276.08	34.33	5755.24
1	35.4	41.11	157.13	275.95	33.53	5046.36
1	35.4	41.11	157.25	275.83	32.19	4112.73
1	35.4	41.11	157.38	275.7	28.78	3209.46
1	35.4	41.11	157.5	275.58	31.94	4952.44
1	35.4	41.11	157.63	275.45	29.99	4362.14
1	35.4	41.11	157.75	275.33	30.01	4534.45
1	35.4	41.11	157.88	275.2	26.32	2949.71
1	35.4	41.11	158	275.08	24.97	2275.23
1	35.4	41.11	158.13	274.95	26.48	2597.72
1	35.4	41.11	158.25	274.83	26.72	2118.64
1	35.4	41.11	158.38	274.7	25.82	1146.55
1	35.4	41.11	158.5	274.58	22.86	146.64
1	35.4	41.11	158.63	274.45	18.16	9.56
1	35.4	41.11	158.75	274.33	6.9	0.05
1	35.4	41.11	158.88	274.2	8.91	0.33
1	35.4	41.11	159	274.08	13.4	3.25
1	35.4	41.11	159.13	273.95	13.29	3.21
1	35.4	41.11	159.25	273.83	12.35	1.52
1	35.4	41.11	159.38	273.7	14.43	3.72
1	35.4	41.11	159.5	273.58	11.31	1.5
1	35.4	41.11	159.63	273.45	2.9	0
1	35.4	41.11	159.75	273.33	0	0
1	35.4	41.11	159.88	273.2	4.4	0.01
1	35.4	41.11	160	273.08	3.94	0
1	35.4	41.11	160.13	272.95	7.06	0.07
1	35.4	41.11	160.25	272.83	10.66	0.64
1	35.4	41.11	160.38	272.7	14.06	2.98
1	35.4	41.11	160.5	272.58	17.35	12.74
1	35.4	41.11	160.63	272.45	21.8	112.7
1	35.4	41.11	160.75	272.33	25.81	632.63
1	35.4	41.11	160.88	272.2	24.62	856.66
1	35.4	41.11	161	272.08	23.47	423.88
1	35.4	41.11	161.13	271.95	26.27	1017.92
1	35.4	41.11	161.25	271.83	25.72	1212.3
1	35.4	41.11	161.38	271.7	22.19	447.6
1	35.4	41.11	161.5	271.58	18.88	72.95
1	35.4	41.11	161.63	271.45	20.99	29.64
1	35.4	41.11	161.75	271.33	21.8	101.33
1	35.4	41.11	161.88	271.2	24.73	251.8
1	35.4	41.11	162	271.08	28.01	636.17
1	35.4	41.11	162.13	270.95	28.44	443.92
1	35.4	41.11	162.25	270.83	26.97	630.84
1	35.4	41.11	162.38	270.7	28.95	411.61
1	35.4	41.11	162.5	270.58	31.41	708.46
1	35.4	41.11	162.63	270.45	28.35	1057.61
1	35.4	41.11	162.75	270.33	25.58	745.45
1	35.4	41.11	162.88	270.2	25.98	575.1
1	35.4	41.11	163	270.08	30.34	1005.6
1	35.4	41.11	163.13	269.95	31.49	1257.31
1	35.4	41.11	163.25	269.83	30.12	1002.33
1	35.4	41.11	163.38	269.7	28.36	638.11
1	35.4	41.11	163.5	269.58	27.11	249.91
1	35.4	41.11	163.63	269.45	24.91	76.16
2	55.7	42.95	145	287.77	25.2	488.02
2	55.7	42.95	145.13	287.64	22.81	445.94
2	55.7	42.95	145.25	287.52	20.95	225.01
2	55.7	42.95	145.38	287.39	21.81	67.42
2	55.7	42.95	145.5	287.27	24.09	346.69
2	55.7	42.95	145.63	287.14	27.37	125.93
2	55.7	42.95	145.75	287.02	27.48	1932.1
2	55.7	42.95	145.88	286.89	25.85	1878.14
2	55.7	42.95	146	286.77	24.82	1367.18
2	55.7	42.95	146.13	286.64	22.75	660.75
2	55.7	42.95	146.25	286.52	25.34	530.53
2	55.7	42.95	146.38	286.39	27.01	532.47
2	55.7	42.95	146.5	286.27	25	663.9
2	55.7	42.95	146.63	286.14	28.51	1394.57
2	55.7	42.95	146.75	286.02	30.03	1917.19
2	55.7	42.95	146.88	285.89	30.64	16.13
2	55.7	42.95	147	285.77	27.8	762.68
2	55.7	42.95	147.13	285.64	26.48	399.27
2	55.7	42.95	147.25	285.52	37.31	276.89
2	55.7	42.95	147.38	285.39	24.87	109.12
2	55.7	42.95	147.5	285.27	25.13	179.93
2	55.7	42.95	147.63	285.14	28.33	502.64
2	55.7	42.95	147.75	285.02	31.29	628.03
2	55.7	42.95	147.88	284.89	33.88	1783.34
2	55.7	42.95	148	284.77	34.8	4391.19
2	55.7	42.95	148.13	284.64	33.4	4952.58
2	55.7	42.95	148.25	284.52	32.85	3153.89
2	55.7	42.95	148.38	284.39	33.72	2008.46
2	55.7	42.95	148.5	284.27	34.5	1160.3
2	55.7	42.95	148.63	284.14	34.9	1844.95
2	55.7	42.95	148.75	284.02	34.93	2268.36
2	55.7	42.95	148.88	283.89	33.79	2297.08
2	55.7	42.95	149	283.77	31.32	1668.24
2	55.7	42.95	149.13	283.64	29.45	1108.1
2	55.7	42.95	149.25	283.52	31.32	813.84
2	55.7	42.95	149.38	283.39	33.83	1430.56
2	55.7	42.95	149.5	283.27	32.82	2257.52
2	55.7	42.95	149.63	283.14	33.4	2083.59
2	55.7	42.95	149.75	283.02	30.67	1024.54
2	55.7	42.95	149.88	282.89	31.45	838.04
2	55.7	42.95	150	282.77	35.39	1200.56
2	55.7	42.95	150.13	282.64	31.51	885.58
2	55.7	42.95	150.25	282.52	27.55	844.3
2	55.7	42.95	150.38	282.39	25.94	1513.97
2	55.7	42.95	150.5	282.27	30.23	3690.51
2	55.7	42.95	150.63	282.14	32.19	5298.61
2	55.7	42.95	150.75	282.02	31.58	4623.42
2	55.7	42.95	150.88	281.89	30.84	3914.8
2	55.7	42.95	151	281.77	20.09	3537.33
2	55.7	42.95	151.13	281.64	27.17	3243.83
2	55.7	42.95	151.25	281.52	31.37	5886.46
2	55.7	42.95	151.38	281.39	32.83	7150.46
2	55.7	42.95	151.5	281.27	34.16	8504.92
2	55.7	42.95	151.63	281.14	35.34	9514.52
2	55.7	42.95	151.75	281.02	33.79	7327.13
2	55.7	42.95	151.88	280.89	30.78	4607.11
2	55.7	42.95	152	280.77	29.14	2964.18
2	55.7	42.95	152.13	280.64	23.36	2644.72
2	55.7	42.95	152.25	280.52	31.62	1127.94
2	55.7	42.95	152.38	280.39	32.4	1559.5
2	55.7	42.95	152.5	280.27	32.23	2321.2
2	55.7	42.95	152.63	280.14	31.94	2148.19
2	55.7	42.95	152.75	280.02	33.38	3424.97
2	55.7	42.95	152.88	279.89	37.96	7959.15
2	55.7	42.95	153	279.77	37.09	9373.47
2	55.7	42.95	153.13	279.64	34.65	8633.83
2	55.7	42.95	153.25	279.52	33.51	8324.06
2	55.7	42.95	153.38	279.39	36.47	10669.45
2	55.7	42.95	153.5	279.27	34.26	7998.53
2	55.7	42.95	153.63	279.14	32.28	5431.94
2	55.7	42.95	153.75	279.02	34.01	4389.69
2	55.7	42.95	153.88	278.89	32.2	1742.13
2	55.7	42.95	154	278.77	32	1964.78
2	55.7	42.95	154.13	278.64	32.52	2945.09
2	55.7	42.95	154.25	278.52	29.13	1229.11
2	55.7	42.95	154.38	278.39	30.43	1683.25
2	55.7	42.95	154.5	278.27	30.54	2494.83
2	55.7	42.95	154.63	278.14	30.35	1725.89
2	55.7	42.95	154.75	278.02	31.99	1165.51
2	55.7	42.95	154.88	277.89	32.82	2139.11
2	55.7	42.95	155	277.77	32.45	3023.24
2	55.7	42.95	155.13	277.64	32.17	3283.23
2	55.7	42.95	155.25	277.52	32.2	3304.38
2	55.7	42.95	155.38	277.39	32.09	2707.33
2	55.7	42.95	155.5	277.27	31.89	3507.83
2	55.7	42.95	155.63	277.14	34.45	6693.01
2	55.7	42.95	155.75	277.02	35.43	8049.36
2	55.7	42.95	155.88	276.89	35.17	7357.11
2	55.7	42.95	156	276.77	34.71	6901.65
2	55.7	42.95	156.13	276.64	33.83	6081.75
2	55.7	42.95	156.25	276.52	33	5016.05
2	55.7	42.95	156.38	276.39	32.57	3718.55
2	55.7	42.95	156.5	276.27	34.41	4690.83
2	55.7	42.95	156.63	276.14	35.16	5966.13
2	55.7	42.95	156.75	276.02	36.94	6647.04
2	55.7	42.95	156.88	275.89	35.54	5344.1
2	55.7	42.95	157	275.77	34.05	3479.61
2	55.7	42.95	157.13	275.64	34.68	1681.03
2	55.7	42.95	157.25	275.52	34.05	697.61
2	55.7	42.95	157.38	275.39	31.9	546.47
2	55.7	42.95	157.5	275.27	29.66	460.94
2	55.7	42.95	157.63	275.14	28.54	365.42
2	55.7	42.95	157.75	275.02	29.55	730.18
2	55.7	42.95	157.88	274.89	26.76	727.79
2	55.7	42.95	158	274.77	23.89	121.74
2	55.7	42.95	158.13	274.64	21.57	49.23
2	55.7	42.95	158.25	274.52	20.79	48.55
2	55.7	42.95	158.38	274.39	22.98	78.35
2	55.7	42.95	158.5	274.27	27.7	229.1
2	55.7	42.95	158.63	274.14	31.52	957.85
2	55.7	42.95	158.75	274.02	34.72	2613.35
2	55.7	42.95	158.88	273.89	34.23	2434.06
2	55.7	42.95	159	273.77	34.03	2596.17
2	55.7	42.95	159.13	273.64	34.78	4455.07
2	55.7	42.95	159.25	273.52	36.71	6454.42
2	55.7	42.95	159.38	273.39	36.19	4988.83
2	55.7	42.95	159.5	273.27	34.64	3478.52
2	55.7	42.95	159.63	273.14	34.25	3471.64
2	55.7	42.95	159.75	273.02	32.09	4377.72
2	55.7	42.95	159.88	272.89	33.1	1922.32
2	55.7	42.95	160	272.77	29.94	508.46
2	55.7	42.95	160.13	272.64	30.32	870.77
2	55.7	42.95	160.25	272.52	32.51	2272.25
2	55.7	42.95	160.38	272.39	33.34	3289.3
2	55.7	42.95	160.5	272.27	34.64	2887.19
2	55.7	42.95	160.63	272.14	33.75	1775.49
2	55.7	42.95	160.75	272.02	35.45	3970.57
2	55.7	42.95	160.88	271.89	37.03	6248.44
2	55.7	42.95	161	271.77	37	5569.12
2	55.7	42.95	161.13	271.64	34.77	4394.67
2	55.7	42.95	161.25	271.52	35.06	5211.1
2	55.7	42.95	161.38	271.39	34.63	5549.25
2	55.7	42.95	161.5	271.27	36.27	6653.01
2	55.7	42.95	161.63	271.14	33.34	5244.06
2	55.7	42.95	161.75	271.02	36.99	5466.33
2	55.7	42.95	161.88	270.89	34.87	3105.35
2	55.7	42.95	162	270.77	33.15	1862.16
2	55.7	42.95	162.13	270.64	31.83	1386.35
2	55.7	42.95	162.25	270.52	32.84	2004.7
2	55.7	42.95	162.38	270.39	32	1126.85
2	55.7	42.95	162.5	270.27	31.6	660.06
2	55.7	42.95	162.63	270.14	32.04	736.91
2	55.7	42.95	162.75	270.02	32.47	1081.95
2	55.7	42.95	162.88	269.89	28.85	546.8
2	55.7	42.95	163	269.77	26.15	421.46
2	55.7	42.95	163.13	269.64	24.46	173.49
2	55.7	42.95	163.25	269.52	30.21	482.24
2	55.7	42.95	163.38	269.39	31.68	1148.49
2	55.7	42.95	163.5	269.27	28.18	137.66
2	55.7	42.95	163.63	269.14	25.82	36.19
3	9.05	43.95	145	288.37	28.45	398.85
3	9.05	43.95	145.13	288.24	29.3	444.67
3	9.05	43.95	145.25	288.12	30.3	1201.24
3	9.05	43.95	145.38	287.99	33.75	1953.49
3	9.05	43.95	145.5	287.87	34.83	1772.63
3	9.05	43.95	145.63	287.74	35.82	2526.44
3	9.05	43.95	145.75	287.62	32.1	1737.49
3	9.05	43.95	145.88	287.49	27.86	734.06
3	9.05	43.95	146	287.37	24.15	263.85
3	9.05	43.95	146.13	287.24	27.16	637.16
3	9.05	43.95	146.25	287.12	32.86	1066.25
3	9.05	43.95	146.38	286.99	35.68	3271.15
3	9.05	43.95	146.5	286.87	34.57	3432.5
3	9.05	43.95	146.63	286.74	34.2	3631.9
3	9.05	43.95	146.75	286.62	36.39	4353.72
3	9.05	43.95	146.88	286.49	34.33	4106.95
3	9.05	43.95	147	286.37	32.31	3569.61
3	9.05	43.95	147.13	286.24	29.64	2721.13
3	9.05	43.95	147.25	286.12	26.57	1737.56
3	9.05	43.95	147.38	285.99	24.49	666.11
3	9.05	43.95	147.5	285.87	23.68	410.82
3	9.05	43.95	147.63	285.74	21.79	409.26
3	9.05	43.95	147.75	285.62	26.74	455.09
3	9.05	43.95	147.88	285.49	30.31	534.34
3	9.05	43.95	148	285.37	30.8	909.65
3	9.05	43.95	148.13	285.24	29.11	923.9
3	9.05	43.95	148.25	285.12	28.02	950.09
3	9.05	43.95	148.38	284.99	26.83	1023.49
3	9.05	43.95	148.5	284.87	23.25	883.92
3	9.05	43.95	148.63	284.74	23.64	1464.04
3	9.05	43.95	148.75	284.62	24.38	1461.52
3	9.05	43.95	148.88	284.49	28.39	2176.73
3	9.05	43.95	149	284.37	26.61	1546.07
3	9.05	43.95	149.13	284.24	28.74	2684.21
3	9.05	43.95	149.25	284.12	32.28	4642.21
3	9.05	43.95	149.38	283.99	29.45	3969.45
3	9.05	43.95	149.5	283.87	32.91	5192.32
3	9.05	43.95	149.63	283.74	31.77	4424.8
3	9.05	43.95	149.75	283.62	30.21	4016.53
3	9.05	43.95	149.88	283.49	26.63	2689.05
3	9.05	43.95	150	283.37	29.45	3101.79
3	9.05	43.95	150.13	283.24	30.06	2806.11
3	9.05	43.95	150.25	283.12	28.03	2473.85
3	9.05	43.95	150.38	282.99	28.83	2669.04
3	9.05	43.95	150.5	282.87	26.36	1981.51
3	9.05	43.95	150.63	282.74	27.05	1818.4
3	9.05	43.95	150.75	282.62	27.93	2455.17
3	9.05	43.95	150.88	282.49	27.93	2973.99
3	9.05	43.95	151	282.37	28.5	3543.65
3	9.05	43.95	151.13	282.24	30.27	4540.44
3	9.05	43.95	151.25	282.12	34	6380.66
3	9.05	43.95	151.38	281.99	36.71	6838.4
3	9.05	43.95	151.5	281.87	35.13	5850.3
3	9.05	43.95	151.63	281.74	34.65	5657.25
3	9.05	43.95	151.75	281.62	32.82	2662.29
3	9.05	43.95	151.88	281.49	30.21	1575.1
3	9.05	43.95	152	281.37	29.46	1853.15
3	9.05	43.95	152.13	281.24	29.21	1879.01
3	9.05	43.95	152.25	281.12	30.45	2630.05
3	9.05	43.95	152.38	280.99	30.89	3348.8
3	9.05	43.95	152.5	280.87	31.38	3981.79
3	9.05	43.95	152.63	280.74	31.21	4311.72
3	9.05	43.95	152.75	280.62	30.98	2376.05
3	9.05	43.95	152.88	280.49	30.51	1764.9
3	9.05	43.95	153	280.37	31.34	3062.54
3	9.05	43.95	153.13	280.24	30.72	4035.9
3	9.05	43.95	153.25	280.12	29.47	4062.75
3	9.05	43.95	153.38	279.99	34.45	7235.6
3	9.05	43.95	153.5	279.87	35.19	8030.15
3	9.05	43.95	153.63	279.74	32	6015.81
3	9.05	43.95	153.75	279.62	31.31	5587.66
3	9.05	43.95	153.88	279.49	30.89	5327.05
3	9.05	43.95	154	279.37	30	48884.5
3	9.05	43.95	154.13	279.24	33.15	6571.72
3	9.05	43.95	154.25	279.12	32.15	5936.89
3	9.05	43.95	154.38	278.99	33.05	6392.08
3	9.05	43.95	154.5	278.87	33.63	6358.16
3	9.05	43.95	154.63	278.74	32.13	5095.2
3	9.05	43.95	154.75	278.62	29.55	3830.82
3	9.05	43.95	154.88	278.49	30.6	2616.89
3	9.05	43.95	155	278.37	27.02	941.14
3	9.05	43.95	155.13	278.24	23.97	363.41
3	9.05	43.95	155.25	278.12	26.85	375.14
3	9.05	43.95	155.38	277.99	30.75	549.2
3	9.05	43.95	155.5	277.87	30.02	1434.83
3	9.05	43.95	155.63	277.74	29.82	1754.09
3	9.05	43.95	155.75	277.62	29.57	1246.66
3	9.05	43.95	155.88	277.49	29.04	1187.94
3	9.05	43.95	156	277.37	22.2	505.04
3	9.05	43.95	156.13	277.24	15.58	45.99
3	9.05	43.95	156.25	277.12	8.65	1.65
3	9.05	43.95	156.38	276.99	22.1	49.98
3	9.05	43.95	156.5	276.87	26.19	204.62
3	9.05	43.95	156.63	276.74	26.3	566.67
3	9.05	43.95	156.75	276.62	27.18	967.3
3	9.05	43.95	156.88	276.49	30.69	1536.24
3	9.05	43.95	157	276.37	29.77	1649.27
3	9.05	43.95	157.13	276.24	30.04	2490.18
3	9.05	43.95	157.25	276.12	27.58	2016.01
3	9.05	43.95	157.38	275.99	30.17	2016.94
3	9.05	43.95	157.5	275.87	28.64	1176.57
3	9.05	43.95	157.63	275.74	30.05	953.16
3	9.05	43.95	157.75	275.62	31.52	823.96
3	9.05	43.95	157.88	275.49	34.47	1587.91
3	9.05	43.95	158	275.37	35.49	2959.04
3	9.05	43.95	158.13	275.24	31.92	2646.58
3	9.05	43.95	158.25	275.12	27.68	1804.76
3	9.05	43.95	158.38	274.99	25.4	941.02
3	9.05	43.95	158.5	274.87	24.84	463.02
3	9.05	43.95	158.63	274.74	22.29	157.38
3	9.05	43.95	158.75	274.62	15.37	13.33
3	9.05	43.95	158.88	274.49	9.13	0.44
3	9.05	43.95	159	274.37	4.2	0.01
3	9.05	43.95	159.13	274.24	4.09	0
3	9.05	43.95	159.25	274.12	4.72	0.01
3	9.05	43.95	159.38	273.99	6.04	0.06
3	9.05	43.95	159.5	273.87	9.53	0.36
3	9.05	43.95	159.63	273.74	18.9	28.95
3	9.05	43.95	159.75	273.62	23.58	128.82
3	9.05	43.95	159.88	273.49	26.12	307.11
3	9.05	43.95	160	273.37	18.86	100.52
3	9.05	43.95	160.13	273.24	17.09	75.88
3	9.05	43.95	160.25	273.12	16.44	60.53
3	9.05	43.95	160.38	272.99	15.72	9.18
3	9.05	43.95	160.5	272.87	13.14	2.57
3	9.05	43.95	160.63	272.74	10.09	1.1
3	9.05	43.95	160.75	272.62	8.34	0.26
3	9.05	43.95	160.88	272.49	10.14	0.69
3	9.05	43.95	161	272.37	14.15	3.44
3	9.05	43.95	161.13	272.24	10.96	0.03
3	9.05	43.95	161.25	272.12	4.37	0.01
3	9.05	43.95	161.38	271.99	1.87	0
3	9.05	43.95	161.5	271.87	4.33	0
3	9.05	43.95	161.63	271.74	0	0
3	9.05	43.95	161.75	271.62	2.69	0
3	9.05	43.95	161.88	271.49	15.89	6.39
3	9.05	43.95	162	271.37	20.59	19.5
3	9.05	43.95	162.13	271.24	18.67	9.1
3	9.05	43.95	162.25	271.12	16.31	6.3
3	9.05	43.95	162.38	270.99	14.54	4.66
3	9.05	43.95	162.5	270.87	13.62	4.45
3	9.05	43.95	162.63	270.74	13.42	2.87
3	9.05	43.95	162.75	270.62	15.27	6.03
3	9.05	43.95	162.88	270.49	17.43	10.14
3	9.05	43.95	163	270.37	16.78	4.68
3	9.05	43.95	163.13	270.24	21.85	18.32
3	9.05	43.95	163.25	270.12	24.44	45.46
3	9.05	43.95	163.38	269.99	25.63	93.67
3	9.05	43.95	163.5	269.87	27.56	195.99
3	9.05	43.95	163.63	269.74	25.15	139.51
3	9.05	43.95	163.75	269.62	25.37	182.5
3	9.05	43.95	163.88	269.49	21.1	72.49
4	49.5	44.1	145	287.82	20.55	50.47
4	49.5	44.1	145.13	287.69	19.16	51.82
4	49.5	44.1	145.25	287.57	18.9	76.33
4	49.5	44.1	145.38	287.44	17.26	100.7
4	49.5	44.1	145.5	287.32	17.5	63.44
4	49.5	44.1	145.63	287.19	21.54	61.25
4	49.5	44.1	145.75	287.07	25.32	319.95
4	49.5	44.1	145.88	286.94	23.73	369.36
4	49.5	44.1	146	286.82	22.06	372.89
4	49.5	44.1	146.13	286.69	20.75	195.6
4	49.5	44.1	146.25	286.57	20.32	49.09
4	49.5	44.1	146.38	286.44	21.54	90.71
4	49.5	44.1	146.5	286.32	24.39	223.92
4	49.5	44.1	146.63	286.19	24.49	321.24
4	49.5	44.1	146.75	286.07	21.68	163.88
4	49.5	44.1	146.88	285.94	18.85	35.62
4	49.5	44.1	147	285.82	19.88	44.01
4	49.5	44.1	147.13	285.69	20.58	84.02
4	49.5	44.1	147.25	285.57	21.52	80.31
4	49.5	44.1	147.38	285.44	20.91	21.93
4	49.5	44.1	147.5	285.32	21.68	129.39
4	49.5	44.1	147.63	285.19	22.79	372.92
4	49.5	44.1	147.75	285.07	23.24	495.21
4	49.5	44.1	147.88	284.94	24.64	230.56
4	49.5	44.1	148	284.82	25.11	258.73
4	49.5	44.1	148.13	284.69	23.2	163.42
4	49.5	44.1	148.25	284.57	20.89	90.49
4	49.5	44.1	148.38	284.44	21.45	70.01
4	49.5	44.1	148.5	284.32	23.07	297.57
4	49.5	44.1	148.63	284.19	25.5	1030.59
4	49.5	44.1	148.75	284.07	27.07	1455.46
4	49.5	44.1	148.88	283.94	25.86	987.23
4	49.5	44.1	149	283.82	27.2	781.34
4	49.5	44.1	149.13	283.69	28.81	858.5
4	49.5	44.1	149.25	283.57	26.05	476.54
4	49.5	44.1	149.38	283.44	21.27	192.27
4	49.5	44.1	149.5	283.32	20.57	211.6
4	49.5	44.1	149.63	283.19	20.81	485.5
4	49.5	44.1	149.75	283.07	22.44	804.43
4	49.5	44.1	149.88	282.94	23.4	1048.49
4	49.5	44.1	150	282.82	24.99	1333.59
4	49.5	44.1	150.13	282.69	25.76	1098.81
4	49.5	44.1	150.25	282.57	26.21	1389.88
4	49.5	44.1	150.38	282.44	25.7	1446.67
4	49.5	44.1	150.5	282.32	24.78	1020.92
4	49.5	44.1	150.63	282.19	24.4	1026.09
4	49.5	44.1	150.75	282.07	25.91	1597.27
4	49.5	44.1	150.88	281.94	26.54	2027.5
4	49.5	44.1	151	281.82	26.71	2098.64
4	49.5	44.1	151.13	281.69	24.6	1560.26
4	49.5	44.1	151.25	281.57	25.25	1557.2
4	49.5	44.1	151.38	281.44	25.63	1558.08
4	49.5	44.1	151.5	281.32	27.81	1998.75
4	49.5	44.1	151.63	281.19	27.57	1877.42
4	49.5	44.1	151.75	281.07	26.64	1545.54
4	49.5	44.1	151.88	280.94	25.91	1349.98
4	49.5	44.1	152	280.82	26.02	1402.39
4	49.5	44.1	152.13	280.69	27.03	1697.3
4	49.5	44.1	152.25	280.57	26.61	1331.19
4	49.5	44.1	152.38	280.44	24.88	1020.44
4	49.5	44.1	152.5	280.32	23.91	547.79
4	49.5	44.1	152.63	280.19	23.61	342.79
4	49.5	44.1	152.75	280.07	23.68	1031.92
4	49.5	44.1	152.88	279.94	25.12	1810.35
4	49.5	44.1	153	279.82	26.01	1880.21
4	49.5	44.1	153.13	279.69	24.6	1276.02
4	49.5	44.1	153.25	279.57	26.32	1802.76
4	49.5	44.1	153.38	279.44	27.38	2278.14
4	49.5	44.1	153.5	279.32	28.66	2828.61
4	49.5	44.1	153.63	279.19	28.15	2721.65
4	49.5	44.1	153.75	279.07	25.72	1307.44
4	49.5	44.1	153.88	278.94	25.67	1123.14
4	49.5	44.1	154	278.82	25.66	809.82
4	49.5	44.1	154.13	278.69	25.5	628.9
4	49.5	44.1	154.25	278.57	24.32	478.01
4	49.5	44.1	154.38	278.44	23.78	481.42
4	49.5	44.1	154.5	278.32	25.59	924.6
4	49.5	44.1	154.63	278.19	27.4	1711.05
4	49.5	44.1	154.75	278.07	29.16	1999.55
4	49.5	44.1	154.88	277.94	28.82	2022.43
4	49.5	44.1	155	277.82	29.29	2026.88
4	49.5	44.1	155.13	277.69	30.65	1984.04
4	49.5	44.1	155.25	277.57	30.61	2215.16
4	49.5	44.1	155.38	277.44	29.26	2107.39
4	49.5	44.1	155.5	277.32	28.81	2177.18
4	49.5	44.1	155.63	277.19	26.28	1639.52
4	49.5	44.1	155.75	277.07	25.88	1484.74
4	49.5	44.1	155.88	276.94	26.52	1533.86
4	49.5	44.1	156	276.82	25.08	1125.9
4	49.5	44.1	156.13	276.69	24.38	855.64
4	49.5	44.1	156.25	276.57	24.43	830.26
4	49.5	44.1	156.38	276.44	26.11	1378.1
4	49.5	44.1	156.5	276.32	30.24	1675.87
4	49.5	44.1	156.63	276.19	28.5	762.97
4	49.5	44.1	156.75	276.07	25.86	265.79
4	49.5	44.1	156.88	275.94	23.87	125.16
4	49.5	44.1	157	275.82	23.51	134.3
4	49.5	44.1	157.13	275.69	25.05	177.78
4	49.5	44.1	157.25	275.57	21.41	107.05
4	49.5	44.1	157.38	275.44	19.99	56.51
4	49.5	44.1	157.5	275.32	18.02	16.73
4	49.5	44.1	157.63	275.19	19.58	57.72
4	49.5	44.1	157.75	275.07	24.97	362.73
4	49.5	44.1	157.88	274.94	26.33	712.34
4	49.5	44.1	158	274.82	25.44	928.43
4	49.5	44.1	158.13	274.69	25.42	1097.17
4	49.5	44.1	158.25	274.57	26.06	1252.89
4	49.5	44.1	158.38	274.44	25.51	1284.05
4	49.5	44.1	158.5	274.32	23.27	704.62
4	49.5	44.1	158.63	274.19	19.14	153.92
4	49.5	44.1	158.75	274.07	13.28	11.77
4	49.5	44.1	158.88	273.94	8.54	0.57
4	49.5	44.1	159	273.82	5.78	0.03
4	49.5	44.1	159.13	273.69	5.04	0.01
4	49.5	44.1	159.25	273.57	8.44	0.33
4	49.5	44.1	159.38	273.44	12.22	3.12
4	49.5	44.1	159.5	273.32	20.62	23.61
4	49.5	44.1	159.63	273.19	22.67	76.27
4	49.5	44.1	159.75	273.07	24.98	327.56
4	49.5	44.1	159.88	272.94	29.34	1277.29
4	49.5	44.1	160	272.82	30.39	2135.83
4	49.5	44.1	160.13	272.69	29.37	1862.09
4	49.5	44.1	160.25	272.57	28.11	425.13
4	49.5	44.1	160.38	272.44	25.94	224.83
4	49.5	44.1	160.5	272.32	27.82	731.7
4	49.5	44.1	160.63	272.19	27.67	1501.04
4	49.5	44.1	160.75	272.07	27.63	2497.52
4	49.5	44.1	160.88	271.94	30.23	3466.12
4	49.5	44.1	161	271.82	29.12	1123.38
4	49.5	44.1	161.13	271.69	29.12	569.67
4	49.5	44.1	161.25	271.57	32.4	1324.27
4	49.5	44.1	161.38	271.44	33.81	3092.83
4	49.5	44.1	161.5	271.32	33.49	3189.86
4	49.5	44.1	161.63	271.19	30.86	847.15
4	49.5	44.1	161.75	271.07	29.46	1197.31
4	49.5	44.1	161.88	270.94	28.83	1553.34
4	49.5	44.1	162	270.82	29.19	1243.72
4	49.5	44.1	162.13	270.69	29.13	1304.37
4	49.5	44.1	162.25	270.57	28.29	1032.98
4	49.5	44.1	162.38	270.44	26.14	563.55
4	49.5	44.1	162.5	270.32	24.39	651.31
4	49.5	44.1	162.63	270.19	27.06	587.83
4	49.5	44.1	162.75	270.07	24.49	124.81
4	49.5	44.1	162.88	269.94	22.81	137.53
4	49.5	44.1	163	269.82	23.79	314.32
4	49.5	44.1	163.13	269.69	25.25	279.79
4	49.5	44.1	163.25	269.57	22.8	141.42
4	49.5	44.1	163.38	269.44	9.24	2.02
4	49.5	44.1	163.5	269.32	0	0
4	49.5	44.1	163.63	269.19	0	0
5	83.4	47	145	287.53	4.79	0.03
5	83.4	47	145.13	287.4	8.02	0.23
5	83.4	47	145.25	287.28	8.59	0.35
5	83.4	47	145.38	287.15	6.73	0.09
5	83.4	47	145.5	287.03	6.56	0.12
5	83.4	47	145.63	286.9	8.95	0.7
5	83.4	47	145.75	286.78	13.76	4.29
5	83.4	47	145.88	286.65	17.08	9.3
5	83.4	47	146	286.53	19.39	24.28
5	83.4	47	146.13	286.4	23.85	137.99
5	83.4	47	146.25	286.28	28.99	629.9
5	83.4	47	146.38	286.15	27.11	740.89
5	83.4	47	146.5	286.03	30.91	1322.02
5	83.4	47	146.63	285.9	27.35	692.88
5	83.4	47	146.75	285.78	27.05	472.27
5	83.4	47	146.88	285.65	24.66	946.09
5	83.4	47	147	285.53	21.61	528.56
5	83.4	47	147.13	285.4	19.85	255.19
5	83.4	47	147.25	285.28	20.38	586.17
5	83.4	47	147.38	285.15	23.79	1634.61
5	83.4	47	147.5	285.03	26.37	2515.07
5	83.4	47	147.63	284.9	25.77	2406.95
5	83.4	47	147.75	284.78	22.24	1239.32
5	83.4	47	147.88	284.65	26.04	1997.66
5	83.4	47	148	284.53	28.85	1744.3
5	83.4	47	148.13	284.4	30.83	1616.71
5	83.4	47	148.25	284.28	33.28	3045.45
5	83.4	47	148.38	284.15	29.54	1352.61
5	83.4	47	148.5	284.03	28.14	1792.21
5	83.4	47	148.63	283.9	27.33	2543.66
5	83.4	47	148.75	283.78	28.26	2808.95
5	83.4	47	148.88	283.65	26.62	1358.68
5	83.4	47	149	283.53	25.63	796.4
5	83.4	47	149.13	283.4	24.32	335.99
5	83.4	47	149.25	283.28	23.57	106.79
5	83.4	47	149.38	283.15	23.27	43.85
5	83.4	47	149.5	283.03	24.56	111.82
5	83.4	47	149.63	282.9	27.64	290.23
5	83.4	47	149.75	282.78	31.11	2541.47
5	83.4	47	149.88	282.65	31.92	4820.45
5	83.4	47	150	282.53	32.19	6363.32
5	83.4	47	150.13	282.4	33.74	7779.51
5	83.4	47	150.25	282.28	33.74	7433.11
5	83.4	47	150.38	282.15	33.68	7009.21
5	83.4	47	150.5	282.03	33.27	5753.3
5	83.4	47	150.63	281.9	30.4	3750.33
5	83.4	47	150.75	281.78	28.57	2160.24
5	83.4	47	150.88	281.65	28.81	1939.61
5	83.4	47	151	281.53	25.88	1094.3
5	83.4	47	151.13	281.4	22.95	392.59
5	83.4	47	151.25	281.28	28.85	665.25
5	83.4	47	151.38	281.15	31.93	1111.84
5	83.4	47	151.5	281.03	31.06	1475.14
5	83.4	47	151.63	280.9	29.45	1340.28
5	83.4	47	151.75	280.78	28.19	689.45
5	83.4	47	151.88	280.65	26.31	349.85
5	83.4	47	152	280.53	27.92	1187.67
5	83.4	47	152.13	280.4	32.14	3825.37
5	83.4	47	152.25	280.28	36.87	9330.96
5	83.4	47	152.38	280.15	33.43	8022.87
5	83.4	47	152.5	280.03	31.7	7055.17
5	83.4	47	152.63	279.9	32.89	6664.86
5	83.4	47	152.75	279.78	33.88	7442.83
5	83.4	47	152.88	279.65	37.08	10928.2
5	83.4	47	153	279.53	37.83	11682.24
5	83.4	47	153.13	279.4	36.75	11055.91
5	83.4	47	153.25	279.28	34.99	9843.09
5	83.4	47	153.38	279.15	35.38	9864.8
5	83.4	47	153.5	279.03	33.74	8587.53
5	83.4	47	153.63	278.9	32.06	6804.87
5	83.4	47	153.75	278.78	30.9	5466.61
5	83.4	47	153.88	278.65	31.29	5246.72
5	83.4	47	154	278.53	33.3	6887.99
5	83.4	47	154.13	278.4	33.47	7267.07
5	83.4	47	154.25	278.28	32.58	6219.25
5	83.4	47	154.38	278.15	35.93	8057.1
5	83.4	47	154.5	278.03	35.75	7728.35
5	83.4	47	154.63	277.9	35.78	7322.81
5	83.4	47	154.75	277.78	36.56	7186.95
5	83.4	47	154.88	277.65	36.92	6860.57
5	83.4	47	155	277.53	36.89	6222.85
5	83.4	47	155.13	277.4	36.02	5031.73
5	83.4	47	155.25	277.28	34.14	4358.25
5	83.4	47	155.38	277.15	32.2	2031.67
5	83.4	47	155.5	277.03	30.97	1604.59
5	83.4	47	155.63	276.9	33.42	3278.81
5	83.4	47	155.75	276.78	35.07	2378.37
5	83.4	47	155.88	276.65	32.71	433.58
5	83.4	47	156	276.53	26.07	94.54
5	83.4	47	156.13	276.4	15.04	3.35
5	83.4	47	156.25	276.28	7.08	0.06
5	83.4	47	156.38	276.15	2.66	0
5	83.4	47	156.5	276.03	4	0
5	83.4	47	156.63	275.9	8.64	0.23
5	83.4	47	156.75	275.78	18.15	89.07
5	83.4	47	156.88	275.65	22.64	795.88
5	83.4	47	157	275.53	26.52	1735.39
5	83.4	47	157.13	275.4	29.07	1836.83
5	83.4	47	157.25	275.28	26.68	933.2
5	83.4	47	157.38	275.15	26.8	1548.32
5	83.4	47	157.5	275.03	28.83	3130.03
5	83.4	47	157.63	274.9	29.25	3442.11
5	83.4	47	157.75	274.78	32.72	4941.34
5	83.4	47	157.88	274.65	34.81	6230.77
5	83.4	47	158	274.53	35.05	6409.12
5	83.4	47	158.13	274.4	32.93	3690.72
5	83.4	47	158.25	274.28	34.64	2489.33
5	83.4	47	158.38	274.15	34.52	1409.26
5	83.4	47	158.5	274.03	35.93	2125.7
5	83.4	47	158.63	273.9	32.43	2053.44
5	83.4	47	158.75	273.78	30.28	838.95
5	83.4	47	158.88	273.65	29.08	394.66
5	83.4	47	159	273.53	28.33	321.7
5	83.4	47	159.13	273.4	28.63	486.51
5	83.4	47	159.25	273.28	31.03	542.96
5	83.4	47	159.38	273.15	32.91	509.09
5	83.4	47	159.5	273.03	34.89	1747.28
5	83.4	47	159.63	272.9	36.77	4969.04
5	83.4	47	159.75	272.78	37.96	5188.03
5	83.4	47	159.88	272.65	37.96	4345.62
5	83.4	47	160	272.53	37.31	6224.86
5	83.4	47	160.13	272.4	37.58	7495.79
5	83.4	47	160.25	272.28	37.96	8853.17
5	83.4	47	160.38	272.15	35.88	6624.65
5	83.4	47	160.5	272.03	35.55	4982.05
5	83.4	47	160.63	271.9	35.55	4579.79
5	83.4	47	160.75	271.78	34	5265.91
5	83.4	47	160.88	271.65	32.44	2201.87
5	83.4	47	161	271.53	33.37	1792.52
5	83.4	47	161.13	271.4	35.11	4340.6
5	83.4	47	161.25	271.28	36.93	6705.34
5	83.4	47	161.38	271.15	36.6	6976.27
5	83.4	47	161.5	271.03	32.75	1241.5
5	83.4	47	161.63	270.9	31.73	461.23
5	83.4	47	161.75	270.78	36.85	3755.45
5	83.4	47	161.88	270.65	37.96	5554.02
5	83.4	47	162	270.53	36.31	5331.05
5	83.4	47	162.13	270.4	34.9	4666.56
5	83.4	47	162.25	270.28	35.65	4306.95
5	83.4	47	162.38	270.15	32.51	2844.22
5	83.4	47	162.5	270.03	32.58	2088.69
5	83.4	47	162.63	269.9	32.55	970.8
5	83.4	47	162.75	269.78	28.66	439.83
5	83.4	47	162.88	269.65	22.98	47.17
5	83.4	47	163	269.53	10.55	9.89
5	83.4	47	163.13	269.4	20.38	22.19
6	56.9	85.7	145	287.77	20.88	161.85
6	56.9	85.7	145.13	287.64	15.07	41.07
6	56.9	85.7	145.25	287.52	11.4	9.7
6	56.9	85.7	145.38	287.39	11.26	3.54
6	56.9	85.7	145.5	287.27	10.81	1.19
6	56.9	85.7	145.63	287.14	15.25	6.92
6	56.9	85.7	145.75	287.02	14.41	5.55
6	56.9	85.7	145.88	286.89	7.59	0.18
6	56.9	85.7	146	286.77	8.04	0.2
6	56.9	85.7	146.13	286.64	6.08	0.07
6	56.9	85.7	146.25	286.52	7.14	0.13
6	56.9	85.7	146.38	286.39	4.54	0.02
6	56.9	85.7	146.5	286.27	4.17	0.01
6	56.9	85.7	146.63	286.14	6.57	0.07
6	56.9	85.7	146.75	286.02	10.15	0.86
6	56.9	85.7	146.88	285.89	15.09	8.02
6	56.9	85.7	147	285.77	18.13	29.72
6	56.9	85.7	147.13	285.64	19.08	28.71
6	56.9	85.7	147.25	285.52	16.09	7.89
6	56.9	85.7	147.38	285.39	16.59	8.24
6	56.9	85.7	147.5	285.27	14.02	3.69
6	56.9	85.7	147.63	285.14	20.39	23.33
6	56.9	85.7	147.75	285.02	22.31	205.92
6	56.9	85.7	147.88	284.89	22.14	451.83
6	56.9	85.7	148	284.77	21.69	669.64
6	56.9	85.7	148.13	284.64	24.26	1036.02
6	56.9	85.7	148.25	284.52	27.86	1074.56
6	56.9	85.7	148.38	284.39	28	969.46
6	56.9	85.7	148.5	284.27	27.27	1479.02
6	56.9	85.7	148.63	284.14	23.3	956.59
6	56.9	85.7	148.75	284.02	21.48	919.48
6	56.9	85.7	148.88	283.89	23.1	1327.2
6	56.9	85.7	149	283.77	27.04	2028.72
6	56.9	85.7	149.13	283.64	28.96	2017.16
6	56.9	85.7	149.25	283.52	28.91	1481.3
6	56.9	85.7	149.38	283.39	24.96	482.48
6	56.9	85.7	149.5	283.27	22.78	569.65
6	56.9	85.7	149.63	283.14	30.6	3089.69
6	56.9	85.7	149.75	283.02	33.53	5393.8
6	56.9	85.7	149.88	282.89	31.55	2684.91
6	56.9	85.7	150	282.77	32.44	1589.92
6	56.9	85.7	150.13	282.64	32.35	884.41
6	56.9	85.7	150.25	282.52	33.05	717.11
6	56.9	85.7	150.38	282.39	34.25	3926
6	56.9	85.7	150.5	282.27	34.22	5236.4
6	56.9	85.7	150.63	282.14	36.03	7115.49
6	56.9	85.7	150.75	282.02	34.22	6045
6	56.9	85.7	150.88	281.89	34.33	7062.28
6	56.9	85.7	151	281.77	30.72	2542.22
6	56.9	85.7	151.13	281.64	27.84	581.38
6	56.9	85.7	151.25	281.52	27.53	200.74
6	56.9	85.7	151.38	281.39	27.5	252.5
6	56.9	85.7	151.5	281.27	27.67	181.47
6	56.9	85.7	151.63	281.14	27.64	231.14
6	56.9	85.7	151.75	281.02	28.16	581.95
6	56.9	85.7	151.88	280.89	31.91	1158.55
6	56.9	85.7	152	280.77	32.96	2332.57
6	56.9	85.7	152.13	280.64	34.67	3518.7
6	56.9	85.7	152.25	280.52	36.06	3313.75
6	56.9	85.7	152.38	280.39	35.22	6380.31
6	56.9	85.7	152.5	280.27	32.79	6991.11
6	56.9	85.7	152.63	280.14	33.26	7440.51
6	56.9	85.7	152.75	280.02	34.18	8269.35
6	56.9	85.7	152.88	279.89	33.4	6773.97
6	56.9	85.7	153	279.77	32.28	4112.02
6	56.9	85.7	153.13	279.64	31.49	2363.48
6	56.9	85.7	153.25	279.52	33.89	1602.74
6	56.9	85.7	153.38	279.39	37.89	6827.96
6	56.9	85.7	153.5	279.27	34.45	3696
6	56.9	85.7	153.63	279.14	34.67	2693.77
6	56.9	85.7	153.75	279.02	34.33	5158.2
6	56.9	85.7	153.88	278.89	32.4	4482.8
6	56.9	85.7	154	278.77	30.56	2146.33
6	56.9	85.7	154.13	278.64	28.91	1823.53
6	56.9	85.7	154.25	278.52	27.03	1683.99
6	56.9	85.7	154.38	278.39	31.78	2893.89
6	56.9	85.7	154.5	278.27	32.67	2032.87
6	56.9	85.7	154.63	278.14	31.38	1342.51
6	56.9	85.7	154.75	278.02	28.48	1696.47
6	56.9	85.7	154.88	277.89	27.69	1339.19
6	56.9	85.7	155	277.77	31.04	2037.11
6	56.9	85.7	155.13	277.64	30.79	2138.9
6	56.9	85.7	155.25	277.52	30.98	4132.02
6	56.9	85.7	155.38	277.39	31.82	5361.18
6	56.9	85.7	155.5	277.27	34.08	6610.95
6	56.9	85.7	155.63	277.14	32.79	6195.98
6	56.9	85.7	155.75	277.02	32.84	6719.78
6	56.9	85.7	155.88	276.89	31.84	6127.44
6	56.9	85.7	156	276.77	31.83	5285.5
6	56.9	85.7	156.13	276.64	30.94	3522.9
6	56.9	85.7	156.25	276.52	30.77	2248.07
6	56.9	85.7	156.38	276.39	30.96	3225.29
6	56.9	85.7	156.5	276.27	30.37	1831.41
6	56.9	85.7	156.63	276.14	29.84	1275.28
6	56.9	85.7	156.75	276.02	30.03	1671.1
6	56.9	85.7	156.88	275.89	26.57	1166.43
6	56.9	85.7	157	275.77	22.71	274.3
6	56.9	85.7	157.13	275.64	20.84	89.63
6	56.9	85.7	157.25	275.52	21.36	80.12
6	56.9	85.7	157.38	275.39	22.03	95.22
6	56.9	85.7	157.5	275.27	19.13	47.81
6	56.9	85.7	157.63	275.14	16.41	20.86
6	56.9	85.7	157.75	275.02	14.23	10.02
6	56.9	85.7	157.88	274.89	15.49	14.29
6	56.9	85.7	158	274.77	21.02	56.55
6	56.9	85.7	158.13	274.64	21.32	54.17
6	56.9	85.7	158.25	274.52	20.73	41.45
6	56.9	85.7	158.38	274.39	20.73	34.56
6	56.9	85.7	158.5	274.27	21.12	41.93
6	56.9	85.7	158.63	274.14	19.33	27.06
6	56.9	85.7	158.75	274.02	19.19	35.6
6	56.9	85.7	158.88	273.89	22.82	88.91
6	56.9	85.7	159	273.77	26.33	259.38
6	56.9	85.7	159.13	273.64	30.02	838.38
6	56.9	85.7	159.25	273.52	31.58	2361.08
6	56.9	85.7	159.38	273.39	31.69	3057.8
6	56.9	85.7	159.5	273.27	30.32	2441.27
6	56.9	85.7	159.63	273.14	28.59	1008.97
6	56.9	85.7	159.75	273.02	28.31	535.58
6	56.9	85.7	159.88	272.89	28.53	954.66
6	56.9	85.7	160	272.77	29	1726.12
6	56.9	85.7	160.13	272.64	29.33	1958.8
6	56.9	85.7	160.25	272.52	27.57	689.71
6	56.9	85.7	160.38	272.39	28.71	801.31
6	56.9	85.7	160.5	272.27	29.88	1144.12
6	56.9	85.7	160.63	272.14	31.56	1115.51
6	56.9	85.7	160.75	272.02	34.55	3357.78
6	56.9	85.7	160.88	271.89	36.53	7656.36
6	56.9	85.7	161	271.77	34.99	7953.95
6	56.9	85.7	161.13	271.64	33.98	4840.36
6	56.9	85.7	161.25	271.52	30.29	2158.96
6	56.9	85.7	161.38	271.39	30.06	2091.12
6	56.9	85.7	161.5	271.27	31.66	3038.13
6	56.9	85.7	161.63	271.14	35.14	4264.94
6	56.9	85.7	161.75	271.02	31.9	1204.3
6	56.9	85.7	161.88	270.89	29.94	883.11
6	56.9	85.7	162	270.77	30.75	949.14
6	56.9	85.7	162.13	270.64	27.87	835.68
6	56.9	85.7	162.25	270.52	26.45	573.37
6	56.9	85.7	162.38	270.39	26.83	1183.05
6	56.9	85.7	162.5	270.27	28.84	1370.01
6	56.9	85.7	162.63	270.14	34.71	1469.34
6	56.9	85.7	162.75	270.02	33.53	2338.78
6	56.9	85.7	162.88	269.89	31.97	3035
6	56.9	85.7	163	269.77	31.01	3200.3
6	56.9	85.7	163.13	269.64	26.93	474.32
6	56.9	85.7	163.25	269.52	24.33	301.03
6	56.9	85.7	163.38	269.39	22.46	45.6
7	50.7	50	145	287.83	18.09	24.56
7	50.7	50	145.13	287.7	18.9	36.01
7	50.7	50	145.25	287.58	18.74	83.52
7	50.7	50	145.38	287.45	18.66	177.37
7	50.7	50	145.5	287.33	17.98	105.42
7	50.7	50	145.63	287.2	17.94	23.03
7	50.7	50	145.75	287.08	18.88	26.92
7	50.7	50	145.88	286.95	18.05	76.11
7	50.7	50	146	286.83	18.63	180.55
7	50.7	50	146.13	286.7	22.28	399.84
7	50.7	50	146.25	286.58	22.95	368.29
7	50.7	50	146.38	286.45	24.29	339.69
7	50.7	50	146.5	286.33	23.57	151.26
7	50.7	50	146.63	286.2	22.59	152.2
7	50.7	50	146.75	286.08	24.32	306.41
7	50.7	50	146.88	285.95	24.36	299.38
7	50.7	50	147	285.83	23.69	123.75
7	50.7	50	147.13	285.7	22.41	74.8
7	50.7	50	147.25	285.58	21.26	78.1
7	50.7	50	147.38	285.45	22.75	180.88
7	50.7	50	147.5	285.33	24.38	225.15
7	50.7	50	147.63	285.2	21.79	95.19
7	50.7	50	147.75	285.08	23.32	100.9
7	50.7	50	147.88	284.95	26.73	320.66
7	50.7	50	148	284.83	29.1	836.88
7	50.7	50	148.13	284.7	29	779.28
7	50.7	50	148.25	284.58	28.42	920.07
7	50.7	50	148.38	284.45	26.52	554.88
7	50.7	50	148.5	284.33	24.34	215.74
7	50.7	50	148.63	284.2	23.36	113.94
7	50.7	50	148.75	284.08	24.39	117.81
7	50.7	50	148.88	283.95	23.62	144.78
7	50.7	50	149	283.83	17.83	42.54
7	50.7	50	149.13	283.7	14.69	7.75
7	50.7	50	149.25	283.58	16.13	6.28
7	50.7	50	149.38	283.45	11.75	1.03
7	50.7	50	149.5	283.33	11.05	0.62
7	50.7	50	149.63	283.2	10.22	0.39
7	50.7	50	149.75	283.08	11.96	1.64
7	50.7	50	149.88	282.95	17.86	82.07
7	50.7	50	150	282.83	22.81	675.51
7	50.7	50	150.13	282.7	21.64	828.62
7	50.7	50	150.25	282.58	22.6	980.37
7	50.7	50	150.38	282.45	24.71	1153.27
7	50.7	50	150.5	282.33	27.75	1607.41
7	50.7	50	150.63	282.2	27.97	1750.53
7	50.7	50	150.75	282.08	25.31	1275.19
7	50.7	50	150.88	281.95	25.99	1147.18
7	50.7	50	151	281.83	25.81	1226.35
7	50.7	50	151.13	281.7	25.03	1241.92
7	50.7	50	151.25	281.58	23.92	1156.66
7	50.7	50	151.38	281.45	23.94	1036.77
7	50.7	50	151.5	281.33	25.59	881.86
7	50.7	50	151.63	281.2	25.23	553.09
7	50.7	50	151.75	281.08	23.45	415.93
7	50.7	50	151.88	280.95	21.16	101.23
7	50.7	50	152	280.83	21.87	114.98
7	50.7	50	152.13	280.7	24.63	728.37
7	50.7	50	152.25	280.58	28.15	1383.46
7	50.7	50	152.38	280.45	28.05	858.67
7	50.7	50	152.5	280.33	28.15	665.44
7	50.7	50	152.63	280.2	27.65	963.78
7	50.7	50	152.75	280.08	28.89	2079.16
7	50.7	50	152.88	279.95	31.02	2757.71
7	50.7	50	153	279.83	29.01	2061.11
7	50.7	50	153.13	279.7	28.56	1723.6
7	50.7	50	153.25	279.58	28.78	1446.95
7	50.7	50	153.38	279.45	27.92	1448.67
7	50.7	50	153.5	279.33	27.3	1231.04
7	50.7	50	153.63	279.2	29.15	1729.58
7	50.7	50	153.75	279.08	29.95	2038.63
7	50.7	50	153.88	278.95	31.23	2088.31
7	50.7	50	154	278.83	30.55	1774.12
7	50.7	50	154.13	278.7	29.3	1652.35
7	50.7	50	154.25	278.58	29.91	2074.03
7	50.7	50	154.38	278.45	28.63	1944.5
7	50.7	50	154.5	278.33	26.61	1122.63
7	50.7	50	154.63	278.2	25.51	721.61
7	50.7	50	154.75	278.08	26.17	1003.01
7	50.7	50	154.88	277.95	26.13	1111.73
7	50.7	50	155	277.83	26.94	499.75
7	50.7	50	155.13	277.7	27.56	330.18
7	50.7	50	155.25	277.58	27.63	606.62
7	50.7	50	155.38	277.45	26.58	635.15
7	50.7	50	155.5	277.33	27	565.65
7	50.7	50	155.63	277.2	28.56	1206.09
7	50.7	50	155.75	277.08	31.19	2277.58
7	50.7	50	155.88	276.95	31.23	2150.34
7	50.7	50	156	276.83	30.32	1673.7
7	50.7	50	156.13	276.7	31.29	1746.06
7	50.7	50	156.25	276.58	31.22	2575.67
7	50.7	50	156.38	276.45	31.48	1712.97
7	50.7	50	156.5	276.33	28.91	693.21
7	50.7	50	156.63	276.2	26.01	440.65
7	50.7	50	156.75	276.08	26.87	910.53
7	50.7	50	156.88	275.95	29.07	1599.35
7	50.7	50	157	275.83	29.4	1401.56
7	50.7	50	157.13	275.7	31.27	1686.74
7	50.7	50	157.25	275.58	30.69	1168.85
7	50.7	50	157.38	275.45	28.45	697.92
7	50.7	50	157.5	275.33	25.62	334.73
7	50.7	50	157.63	275.2	24.27	256.24
7	50.7	50	157.75	275.08	21.77	131.64
7	50.7	50	157.88	274.95	23	277.09
7	50.7	50	158	274.83	23.32	387.77
7	50.7	50	158.13	274.7	21.09	266.6
7	50.7	50	158.25	274.58	15.29	34.26
7	50.7	50	158.38	274.45	6.87	0.38
7	50.7	50	158.5	274.33	0.41	0
7	50.7	50	158.63	274.2	2.52	0
7	50.7	50	158.75	274.08	9.73	0.24
7	50.7	50	158.88	273.95	18.57	9.66
7	50.7	50	159	273.83	21.72	33.07
7	50.7	50	159.13	273.7	20.58	49.58
7	50.7	50	159.25	273.58	17.35	19.79
7	50.7	50	159.38	273.45	16.44	4.6
7	50.7	50	159.5	273.33	19.59	43.58
7	50.7	50	159.63	273.2	22.21	79.27
7	50.7	50	159.75	273.08	23.75	94.25
7	50.7	50	159.88	272.95	26.34	445.09
7	50.7	50	160	272.83	24.54	1035.37
7	50.7	50	160.13	272.7	20.85	94.92
7	50.7	50	160.25	272.58	19.6	39.41
7	50.7	50	160.38	272.45	21.57	54.11
7	50.7	50	160.5	272.33	25.31	424.89
7	50.7	50	160.63	272.2	27.5	316.67
7	50.7	50	160.75	272.08	27.82	324.81
7	50.7	50	160.88	271.95	30.15	1321.79
7	50.7	50	161	271.83	28.61	709.66
7	50.7	50	161.13	271.7	28.94	585.68
7	50.7	50	161.25	271.58	31.4	1806.78
7	50.7	50	161.38	271.45	32.5	2285.7
7	50.7	50	161.5	271.33	31	1733.14
7	50.7	50	161.63	271.2	29.3	793.36
7	50.7	50	161.75	271.08	28.76	1013.13
7	50.7	50	161.88	270.95	28.3	1529.53
7	50.7	50	162	270.83	28.85	1541.04
7	50.7	50	162.13	270.7	27.53	1013.89
7	50.7	50	162.25	270.58	27.7	576.43
7	50.7	50	162.38	270.45	29.91	740.33
7	50.7	50	162.5	270.33	30.77	1394.17
7	50.7	50	162.63	270.2	28.17	881.4
7	50.7	50	162.75	270.08	26.01	431.65
7	50.7	50	162.88	269.95	26.76	603.94
7	50.7	50	163	269.83	25.01	251.1
7	50.7	50	163.13	269.7	23.01	237.79
7	50.7	50	163.25	269.58	20	203.08
7	50.7	50	163.38	269.45	14.42	7.75
7	50.7	50	163.5	269.33	7.32	0.03
7	50.7	50	163.63	269.2	3.33	0
7	50.7	50	163.75	269.08	0.21	0
7	50.7	50	163.88	268.95	0	0
8	56.7	50	145	287.79	21.52	85.36
8	56.7	50	145.13	287.66	19.71	23.07
8	56.7	50	145.25	287.54	18.85	24.19
8	56.7	50	145.38	287.41	17.68	110.58
8	56.7	50	145.5	287.29	17.57	227.13
8	56.7	50	145.63	287.16	22.25	693.81
8	56.7	50	145.75	287.04	25.29	1095.49
8	56.7	50	145.88	286.91	25.07	547.21
8	56.7	50	146	286.79	23.12	143.53
8	56.7	50	146.13	286.66	22.22	270.49
8	56.7	50	146.25	286.54	22.55	676.01
8	56.7	50	146.38	286.41	22.55	1150.77
8	56.7	50	146.5	286.29	24.5	1978.53
8	56.7	50	146.63	286.16	27.74	3211.83
8	56.7	50	146.75	286.04	27.45	2767.13
8	56.7	50	146.88	285.91	24.91	1635.76
8	56.7	50	147	285.79	27.02	2026.95
8	56.7	50	147.13	285.66	26.03	1858.61
8	56.7	50	147.25	285.54	28.51	2418.27
8	56.7	50	147.38	285.41	26.44	1534.82
8	56.7	50	147.5	285.29	24.01	523.58
8	56.7	50	147.63	285.16	22.3	488.82
8	56.7	50	147.75	285.04	25.12	1181.14
8	56.7	50	147.88	284.91	23.71	1076.22
8	56.7	50	148	284.79	22.33	1008.1
8	56.7	50	148.13	284.66	23.12	1082.92
8	56.7	50	148.25	284.54	26.15	1112.65
8	56.7	50	148.38	284.41	28.53	1754.44
8	56.7	50	148.5	284.29	30.63	2310.99
8	56.7	50	148.63	284.16	27.93	989.93
8	56.7	50	148.75	284.04	25.92	515.25
8	56.7	50	148.88	283.91	26.12	402.37
8	56.7	50	149	283.79	23.14	156.5
8	56.7	50	149.13	283.66	19.47	32.39
8	56.7	50	149.25	283.54	20.2	27.12
8	56.7	50	149.38	283.41	18.48	29.92
8	56.7	50	149.5	283.29	15.35	9.83
8	56.7	50	149.63	283.16	12.69	2.08
8	56.7	50	149.75	283.04	10.48	0.48
8	56.7	50	149.88	282.91	14.52	2.59
8	56.7	50	150	282.79	19.82	17.17
8	56.7	50	150.13	282.66	23.61	99.41
8	56.7	50	150.25	282.54	25.37	431.68
8	56.7	50	150.38	282.41	26.35	1483.5
8	56.7	50	150.5	282.29	27.46	2396.33
8	56.7	50	150.63	282.16	27.42	3104.48
8	56.7	50	150.75	282.04	26.12	2167.73
8	56.7	50	150.88	281.91	26.35	1873.78
8	56.7	50	151	281.79	26.73	1645.02
8	56.7	50	151.13	281.66	28.5	1799.8
8	56.7	50	151.25	281.54	26.39	1548.05
8	56.7	50	151.38	281.41	25.18	1564.11
8	56.7	50	151.5	281.29	24.37	1458.69
8	56.7	50	151.63	281.16	27	2023.87
8	56.7	50	151.75	281.04	29.23	1764.12
8	56.7	50	151.88	280.91	30.04	974.58
8	56.7	50	152	280.79	29.78	1433.34
8	56.7	50	152.13	280.66	29.36	1542.77
8	56.7	50	152.25	280.54	28.61	1748.91
8	56.7	50	152.38	280.41	28.02	2882.35
8	56.7	50	152.5	280.29	28.87	3359.2
8	56.7	50	152.63	280.16	29.68	3139.72
8	56.7	50	152.75	280.04	29.58	2033.61
8	56.7	50	152.88	279.91	29.17	3248.32
8	56.7	50	153	279.79	30.54	3916.94
8	56.7	50	153.13	279.66	31	3805.56
8	56.7	50	153.25	279.54	30.23	3891.18
8	56.7	50	153.38	279.41	30.29	3269.41
8	56.7	50	153.5	279.29	29.25	2372.14
8	56.7	50	153.63	279.16	27.55	2109.31
8	56.7	50	153.75	279.04	26.5	1787.02
8	56.7	50	153.88	278.91	24.93	465.38
8	56.7	50	154	278.79	23.87	250.16
8	56.7	50	154.13	278.66	24.62	121.19
8	56.7	50	154.25	278.54	24.65	401.37
8	56.7	50	154.38	278.41	27.02	1035.48
8	56.7	50	154.5	278.29	27.78	1728.22
8	56.7	50	154.63	278.16	30.18	1860.91
8	56.7	50	154.75	278.04	30.76	2013.18
8	56.7	50	154.88	277.91	28.71	2394.66
8	56.7	50	155	277.79	26.9	1666.65
8	56.7	50	155.13	277.66	26.83	1572.16
8	56.7	50	155.25	277.54	26.02	1703.59
8	56.7	50	155.38	277.41	24.56	1380
8	56.7	50	155.5	277.29	24.65	1375.34
8	56.7	50	155.63	277.16	27.07	1733.23
8	56.7	50	155.75	277.04	27.25	1645.2
8	56.7	50	155.88	276.91	28.06	1951.21
8	56.7	50	156	276.79	29.56	2848.87
8	56.7	50	156.13	276.66	30.63	3223.56
8	56.7	50	156.25	276.54	30.05	2705.28
8	56.7	50	156.38	276.41	28.6	2290.01
8	56.7	50	156.5	276.29	26.61	1821.81
8	56.7	50	156.63	276.16	26.74	1821.84
8	56.7	50	156.75	276.04	30.02	2577.1
8	56.7	50	156.88	275.91	29.7	2548.79
8	56.7	50	157	275.79	30.62	2778.2
8	56.7	50	157.13	275.66	31.25	3080.25
8	56.7	50	157.25	275.54	28.79	2454.25
8	56.7	50	157.38	275.41	29.16	2337.5
8	56.7	50	157.5	275.29	29.54	2221.65
8	56.7	50	157.63	275.16	29.42	1642.37
8	56.7	50	157.75	275.04	28.58	409.97
8	56.7	50	157.88	274.91	27.54	248.88
8	56.7	50	158	274.79	28.13	457.07
8	56.7	50	158.13	274.66	28.19	757.15
8	56.7	50	158.25	274.54	28.19	685.46
8	56.7	50	158.38	274.41	30.22	1089.26
8	56.7	50	158.5	274.29	30.71	2322.41
8	56.7	50	158.63	274.16	29.52	2976.75
8	56.7	50	158.75	274.04	27.65	1898.38
8	56.7	50	158.88	273.91	25.74	1119.24
8	56.7	50	159	273.79	24.41	837.92
8	56.7	50	159.13	273.66	24.04	828.3
8	56.7	50	159.25	273.54	25.6	535.37
8	56.7	50	159.38	273.41	29.13	433.63
8	56.7	50	159.5	273.29	31.6	1341.33
8	56.7	50	159.63	273.16	31.47	1845.89
8	56.7	50	159.75	273.04	29.45	1849
8	56.7	50	159.88	272.91	27.86	986.02
8	56.7	50	160	272.79	29.61	701.94
8	56.7	50	160.13	272.66	33.07	2195.7
8	56.7	50	160.25	272.54	33.84	3839.04
8	56.7	50	160.38	272.41	29.82	2418.01
8	56.7	50	160.5	272.29	24.98	240.6
8	56.7	50	160.63	272.16	22.58	63.57
8	56.7	50	160.75	272.04	24.03	110.97
8	56.7	50	160.88	271.91	24.63	156.7
8	56.7	50	161	271.79	24.88	138.82
8	56.7	50	161.13	271.66	25.03	417.39
8	56.7	50	161.25	271.54	27.7	1295.38
8	56.7	50	161.38	271.41	30.48	3177.26
8	56.7	50	161.5	271.29	31.41	4323.84
8	56.7	50	161.63	271.16	29	1751.12
8	56.7	50	161.75	271.04	27.27	1460.43
8	56.7	50	161.88	270.91	26.04	596.28
8	56.7	50	162	270.79	26.05	102.21
8	56.7	50	162.13	270.66	28.65	407.27
8	56.7	50	162.25	270.54	29.43	883.09
8	56.7	50	162.38	270.41	31.14	700.24
8	56.7	50	162.5	270.29	30.84	2181.04
8	56.7	50	162.63	270.16	30.5	2332.56
8	56.7	50	162.75	270.04	29.65	1187.52
8	56.7	50	162.88	269.91	27.6	450.82
8	56.7	50	163	269.79	29.42	450.88
8	56.7	50	163.13	269.66	29.49	678.88
8	56.7	50	163.25	269.54	26.84	715.96
8	56.7	50	163.38	269.41	19.79	27.3
8	56.7	50	163.5	269.29	11.68	0.36
8	56.7	50	163.63	269.16	7.45	0.04
8	56.7	50	163.75	269.04	2.72	0
8	56.7	50	163.88	268.91	0	0
9	5.46	50	145	288.33	26.7	189.78
9	5.46	50	145.13	288.2	28.02	325.27
9	5.46	50	145.25	288.08	30.72	402.72
9	5.46	50	145.38	287.95	29	345.21
9	5.46	50	145.5	287.83	30.87	668.81
9	5.46	50	145.63	287.7	28.14	809.43
9	5.46	50	145.75	287.58	26.12	314.64
9	5.46	50	145.88	287.45	27.13	209.61
9	5.46	50	146	287.33	27.19	556.54
9	5.46	50	146.13	287.2	25.14	373.84
9	5.46	50	146.25	287.08	24.46	201.32
9	5.46	50	146.38	286.95	26.4	375.45
9	5.46	50	146.5	286.83	27.63	525.55
9	5.46	50	146.63	286.7	26.1	342.77
9	5.46	50	146.75	286.58	25.54	414.53
9	5.46	50	146.88	286.45	25.91	480.73
9	5.46	50	147	286.33	26.87	890
9	5.46	50	147.13	286.2	27.1	969.07
9	5.46	50	147.25	286.08	27.11	733.6
9	5.46	50	147.38	285.95	25.63	657.58
9	5.46	50	147.5	285.83	20.42	376.8
9	5.46	50	147.63	285.7	20.96	154.74
9	5.46	50	147.75	285.58	22.55	351.11
9	5.46	50	147.88	285.45	20.46	313.3
9	5.46	50	148	285.33	19.91	44.38
9	5.46	50	148.13	285.2	19.17	37.4
9	5.46	50	148.25	285.08	20.07	94.93
9	5.46	50	148.38	284.95	20.14	164.96
9	5.46	50	148.5	284.83	20.62	175.77
9	5.46	50	148.63	284.7	22.27	332.18
9	5.46	50	148.75	284.58	23.46	604.45
9	5.46	50	148.88	284.45	25.4	1335.69
9	5.46	50	149	284.33	30.37	994.98
9	5.46	50	149.13	284.2	31.18	1084.88
9	5.46	50	149.25	284.08	29.17	1118.69
9	5.46	50	149.38	283.95	27.37	1421.52
9	5.46	50	149.5	283.83	27.38	1954.64
9	5.46	50	149.63	283.7	28.74	2248.94
9	5.46	50	149.75	283.58	30.86	1969.8
9	5.46	50	149.88	283.45	32.09	1590.75
9	5.46	50	150	283.33	32.09	1151.79
9	5.46	50	150.13	283.2	29.72	2193.23
9	5.46	50	150.25	283.08	27	1839.5
9	5.46	50	150.38	282.95	24.06	1370.15
9	5.46	50	150.5	282.83	22.12	963.54
9	5.46	50	150.63	282.7	23.1	1128.83
9	5.46	50	150.75	282.58	25.79	1546.18
9	5.46	50	150.88	282.45	27.33	1864.83
9	5.46	50	151	282.33	26.25	1475.66
9	5.46	50	151.13	282.2	24.19	640.62
9	5.46	50	151.25	282.08	24.45	353.99
9	5.46	50	151.38	281.95	22.31	179.34
9	5.46	50	151.5	281.83	22.38	477.82
9	5.46	50	151.63	281.7	25.03	1107.81
9	5.46	50	151.75	281.58	28.16	1113.95
9	5.46	50	151.88	281.45	28.16	648.6
9	5.46	50	152	281.33	27.22	647.94
9	5.46	50	152.13	281.2	28.45	1283.07
9	5.46	50	152.25	281.08	30.62	2183.18
9	5.46	50	152.38	280.95	30.02	1413.65
9	5.46	50	152.5	280.83	33.15	1097.01
9	5.46	50	152.63	280.7	29.06	1407.86
9	5.46	50	152.75	280.58	26.48	1651.98
9	5.46	50	152.88	280.45	25	1798.99
9	5.46	50	153	280.33	25.07	2076.89
9	5.46	50	153.13	280.2	26.68	2126.48
9	5.46	50	153.25	280.08	27.03	1862.89
9	5.46	50	153.38	279.95	26.42	1701.91
9	5.46	50	153.5	279.83	26.33	1488.75
9	5.46	50	153.63	279.7	25.4	1365.17
9	5.46	50	153.75	279.58	25.52	1508.61
9	5.46	50	153.88	279.45	28.84	1684.38
9	5.46	50	154	279.33	30.04	1908.62
9	5.46	50	154.13	279.2	31.15	3506.27
9	5.46	50	154.25	279.08	32.4	4816.54
9	5.46	50	154.38	278.95	30.89	3959.93
9	5.46	50	154.5	278.83	28.49	3138.56
9	5.46	50	154.63	278.7	29.41	3137.74
9	5.46	50	154.75	278.58	28.86	3036.22
9	5.46	50	154.88	278.45	28.68	3033.29
9	5.46	50	155	278.33	26.19	2403.97
9	5.46	50	155.13	278.2	23.94	1607.24
9	5.46	50	155.25	278.08	22.58	809.11
9	5.46	50	155.38	277.95	26.87	225.23
9	5.46	50	155.5	277.83	28.36	720.81
9	5.46	50	155.63	277.7	27.05	1566.64
9	5.46	50	155.75	277.58	28.48	2838.11
9	5.46	50	155.88	277.45	30.95	4409.55
9	5.46	50	156	277.33	30.37	4993.56
9	5.46	50	156.13	277.2	26.58	2253.9
9	5.46	50	156.25	277.08	26.4	1197.51
9	5.46	50	156.38	276.95	25.83	152.42
9	5.46	50	156.5	276.83	26	288.67
9	5.46	50	156.63	276.7	26.15	631.69
9	5.46	50	156.75	276.58	26.99	906.82
9	5.46	50	156.88	276.45	25.63	573.2
9	5.46	50	157	276.33	22.94	285.03
9	5.46	50	157.13	276.2	21.96	55.07
9	5.46	50	157.25	276.08	24.51	90.78
9	5.46	50	157.38	275.95	27.37	203.92
9	5.46	50	157.5	275.83	29.85	370.13
9	5.46	50	157.63	275.7	28.91	780.04
9	5.46	50	157.75	275.58	27	1035.99
9	5.46	50	157.88	275.45	24.7	669.93
9	5.46	50	158	275.33	25.96	557.55
9	5.46	50	158.13	275.2	31.41	1794.26
9	5.46	50	158.25	275.08	34.48	4390.69
9	5.46	50	158.38	274.95	35.49	1628.17
9	5.46	50	158.5	274.83	33.06	619.31
9	5.46	50	158.63	274.7	29.81	795.44
9	5.46	50	158.75	274.58	25.78	681.59
9	5.46	50	158.88	274.45	21.38	468.95
9	5.46	50	159	274.33	17.37	6.21
9	5.46	50	159.13	274.2	13.86	0.66
9	5.46	50	159.25	274.08	11.52	0.25
9	5.46	50	159.38	273.95	13.04	0.44
9	5.46	50	159.5	273.83	15.68	1.3
9	5.46	50	159.63	273.7	16.22	1.93
9	5.46	50	159.75	273.58	14.78	1.06
9	5.46	50	159.88	273.45	13.66	0.66
10	32.9	46.8	145	288.06	21.11	89.71
10	32.9	46.8	145.13	287.93	22.79	197.55
10	32.9	46.8	145.25	287.81	21.9	219.93
10	32.9	46.8	145.38	287.68	21.25	59.1
10	32.9	46.8	145.5	287.56	23.2	133.75
10	32.9	46.8	145.63	287.43	21.85	115.54
10	32.9	46.8	145.75	287.31	22.72	137.7
10	32.9	46.8	145.88	287.18	23.27	284.45
10	32.9	46.8	146	287.06	20.79	178.46
10	32.9	46.8	146.13	286.93	18.3	43.61
10	32.9	46.8	146.25	286.81	19.52	53.56
10	32.9	46.8	146.38	286.68	21.25	172.3
10	32.9	46.8	146.5	286.56	23.59	454.16
10	32.9	46.8	146.63	286.43	23.57	576.17
10	32.9	46.8	146.75	286.31	22.89	570.04
10	32.9	46.8	146.88	286.18	20.99	502.91
10	32.9	46.8	147	286.06	22.14	677.8
10	32.9	46.8	147.13	285.93	24.18	701.18
10	32.9	46.8	147.25	285.81	26.13	828.39
10	32.9	46.8	147.38	285.68	26.72	1180.25
10	32.9	46.8	147.5	285.56	27.85	2029.03
10	32.9	46.8	147.63	285.43	26.88	1439.22
10	32.9	46.8	147.75	285.31	27.95	1131.34
10	32.9	46.8	147.88	285.18	30.74	1620.94
10	32.9	46.8	148	285.06	29.64	1721.65
10	32.9	46.8	148.13	284.93	27.84	1322.54
10	32.9	46.8	148.25	284.81	26.36	695
10	32.9	46.8	148.38	284.68	24.59	33.19
10	32.9	46.8	148.5	284.56	22.37	219.99
10	32.9	46.8	148.63	284.43	22.51	341.9
10	32.9	46.8	148.75	284.31	23.84	240.88
10	32.9	46.8	148.88	284.18	24.72	194.25
10	32.9	46.8	149	284.06	25.37	345.56
10	32.9	46.8	149.13	283.93	23.48	407.57
10	32.9	46.8	149.25	283.81	22.09	537.73
10	32.9	46.8	149.38	283.68	21.78	607.15
10	32.9	46.8	149.5	283.56	23.99	843.74
10	32.9	46.8	149.63	283.43	25.09	814.08
10	32.9	46.8	149.75	283.31	22.87	761.76
10	32.9	46.8	149.88	283.18	22.92	908.73
10	32.9	46.8	150	283.06	23.65	1247.88
10	32.9	46.8	150.13	282.93	25.32	1730.09
10	32.9	46.8	150.25	282.81	28.13	1956.11
10	32.9	46.8	150.38	282.68	29.74	2067.24
10	32.9	46.8	150.5	282.56	29.03	1355.54
10	32.9	46.8	150.63	282.43	27.79	924.96
10	32.9	46.8	150.75	282.31	26.67	840.97
10	32.9	46.8	150.88	282.18	25.06	1052.02
10	32.9	46.8	151	282.06	24.85	1111.04
10	32.9	46.8	151.13	281.93	25.94	1078.2
10	32.9	46.8	151.25	281.81	25.76	1148.82
10	32.9	46.8	151.38	281.68	26.26	1145.35
10	32.9	46.8	151.5	281.56	26.67	1121.23
10	32.9	46.8	151.63	281.43	26.35	577.35
10	32.9	46.8	151.75	281.31	25.11	423.62
10	32.9	46.8	151.88	281.18	25.17	558.29
10	32.9	46.8	152	281.06	25.83	858.84
10	32.9	46.8	152.13	280.93	26.85	551.71
10	32.9	46.8	152.25	280.81	25.51	437.92
10	32.9	46.8	152.38	280.68	27.15	776.22
10	32.9	46.8	152.5	280.56	27.22	1270.69
10	32.9	46.8	152.63	280.43	25.87	955.02
10	32.9	46.8	152.75	280.31	25.69	1107.17
10	32.9	46.8	152.88	280.18	25.15	816.98
10	32.9	46.8	153	280.06	25.44	1137.86
10	32.9	46.8	153.13	279.93	27.06	1761.86
10	32.9	46.8	153.25	279.81	28.65	2458.71
10	32.9	46.8	153.38	279.68	30.74	3221.36
10	32.9	46.8	153.5	279.56	31.38	3987.3
10	32.9	46.8	153.63	279.43	32.11	5861.17
10	32.9	46.8	153.75	279.31	33.59	7436.12
10	32.9	46.8	153.88	279.18	32.08	6083.43
10	32.9	46.8	154	279.06	29.72	4075.58
10	32.9	46.8	154.13	278.93	28.55	2554.79
10	32.9	46.8	154.25	278.81	27.74	1560.15
10	32.9	46.8	154.38	278.68	28.19	1584.84
10	32.9	46.8	154.5	278.56	28.26	2200.82
10	32.9	46.8	154.63	278.43	27.16	2462.54
10	32.9	46.8	154.75	278.31	28.31	2688.28
10	32.9	46.8	154.88	278.18	25.25	2307.65
10	32.9	46.8	155	278.06	26.09	2492.03
10	32.9	46.8	155.13	277.93	26.22	2290.57
10	32.9	46.8	155.25	277.81	26.62	2056.34
10	32.9	46.8	155.38	277.68	26.84	1868.23
10	32.9	46.8	155.5	277.56	24.99	1566.03
10	32.9	46.8	155.63	277.43	24.51	1673.89
10	32.9	46.8	155.75	277.31	25.57	1271.6
10	32.9	46.8	155.88	277.18	22.9	579.61
10	32.9	46.8	156	277.06	22.34	205.24
10	32.9	46.8	156.13	276.93	25.15	185.04
10	32.9	46.8	156.25	276.81	27.11	819.34
10	32.9	46.8	156.38	276.68	28.12	1966.03
10	32.9	46.8	156.5	276.56	28.29	976.93
10	32.9	46.8	156.63	276.43	28.19	512.16
10	32.9	46.8	156.75	276.31	27.78	1509.83
10	32.9	46.8	156.88	276.18	24.26	678.48
10	32.9	46.8	157	276.06	21.27	104.47
10	32.9	46.8	157.13	275.93	20.21	41.25
10	32.9	46.8	157.25	275.81	19.98	39.81
10	32.9	46.8	157.38	275.68	19.2	31.62
10	32.9	46.8	157.5	275.56	20.48	49.49
10	32.9	46.8	157.63	275.43	23.84	303.38
10	32.9	46.8	157.75	275.31	26.37	742.41
10	32.9	46.8	157.88	275.18	30.32	1734.93
10	32.9	46.8	158	275.06	31.39	2311.89
10	32.9	46.8	158.13	274.93	33.18	2284.48
10	32.9	46.8	158.25	274.81	33.91	2485.18
10	32.9	46.8	158.38	274.68	30.63	2077.18
10	32.9	46.8	158.5	274.56	27.44	1810.39
10	32.9	46.8	158.63	274.43	24.19	687.06
10	32.9	46.8	158.75	274.31	22.01	528.43
10	32.9	46.8	158.88	274.18	21.57	600.84
10	32.9	46.8	159	274.06	22.85	1003.71
10	32.9	46.8	159.13	273.93	23.12	724.86
10	32.9	46.8	159.25	273.81	23.52	78.92
10	32.9	46.8	159.38	273.68	23.16	29.69
10	32.9	46.8	159.5	273.56	22.5	32.75
10	32.9	46.8	159.63	273.43	20.99	16.47
10	32.9	46.8	159.75	273.31	17.72	3.46
10	32.9	46.8	159.88	273.18	16.37	1.97
11	51.9	46.4	145	287.79	17.97	47.35
11	51.9	46.4	145.13	287.66	17.61	123.41
11	51.9	46.4	145.25	287.54	16.34	23.54
11	51.9	46.4	145.38	287.41	17.28	16.25
11	51.9	46.4	145.5	287.29	19.92	91.34
11	51.9	46.4	145.63	287.16	22.13	338.28
11	51.9	46.4	145.75	287.04	21.36	445.66
11	51.9	46.4	145.88	286.91	24.9	1073.62
11	51.9	46.4	146	286.79	26	1236.11
11	51.9	46.4	146.13	286.66	23.24	262.25
11	51.9	46.4	146.25	286.54	21.2	97.1
11	51.9	46.4	146.38	286.41	26.7	824.52
11	51.9	46.4	146.5	286.29	29.9	1571.34
11	51.9	46.4	146.63	286.16	25.38	572.56
11	51.9	46.4	146.75	286.04	22.9	307.69
11	51.9	46.4	146.88	285.91	23.78	289.91
11	51.9	46.4	147	285.79	25.34	247.49
11	51.9	46.4	147.13	285.66	26.18	205.05
11	51.9	46.4	147.25	285.54	26.31	177.66
11	51.9	46.4	147.38	285.41	25.17	103.31
11	51.9	46.4	147.5	285.29	28.78	466.52
11	51.9	46.4	147.63	285.16	29.25	1160.6
11	51.9	46.4	147.75	285.04	31.83	3010.43
11	51.9	46.4	147.88	284.91	31.56	4381.61
11	51.9	46.4	148	284.79	29.46	3961.34
11	51.9	46.4	148.13	284.66	28.1	2437.39
11	51.9	46.4	148.25	284.54	30	1798.47
11	51.9	46.4	148.38	284.41	31.15	1082.97
11	51.9	46.4	148.5	284.29	31	717.23
11	51.9	46.4	148.63	284.16	32.78	803.05
11	51.9	46.4	148.75	284.04	32.54	899.01
11	51.9	46.4	148.88	283.91	32.29	955.08
11	51.9	46.4	149	283.79	32.92	2131.71
11	51.9	46.4	149.13	283.66	34.04	2334.99
11	51.9	46.4	149.25	283.54	32.1	1981.76
11	51.9	46.4	149.38	283.41	29.75	1542.3
11	51.9	46.4	149.5	283.29	30.19	1137.83
11	51.9	46.4	149.63	283.16	29.05	717.73
11	51.9	46.4	149.75	283.04	26.76	381.17
11	51.9	46.4	149.88	282.91	23.76	232.51
11	51.9	46.4	150	282.79	21.22	163.45
11	51.9	46.4	150.13	282.66	22.16	454.24
11	51.9	46.4	150.25	282.54	25.7	1792.98
11	51.9	46.4	150.38	282.41	28.87	3781.66
11	51.9	46.4	150.5	282.29	30.99	5366.02
11	51.9	46.4	150.63	282.16	30.93	5661.59
11	51.9	46.4	150.75	282.04	31.56	6159.67
11	51.9	46.4	150.88	281.91	32.31	6632.93
11	51.9	46.4	151	281.79	31.39	6055.24
11	51.9	46.4	151.13	281.66	30.49	5548.07
11	51.9	46.4	151.25	281.54	29.6	5120.45
11	51.9	46.4	151.38	281.41	28.12	4337.25
11	51.9	46.4	151.5	281.29	27.1	3807.93
11	51.9	46.4	151.63	281.16	29.62	5061.94
11	51.9	46.4	151.75	281.04	27.49	3807.43
11	51.9	46.4	151.88	280.91	27.22	3146.46
11	51.9	46.4	152	280.79	26.98	1841.42
11	51.9	46.4	152.13	280.66	32.44	2444.15
11	51.9	46.4	152.25	280.54	30	1733.53
11	51.9	46.4	152.38	280.41	28.92	936.58
11	51.9	46.4	152.5	280.29	31.84	2591.09
11	51.9	46.4	152.63	280.16	33.31	4846.46
11	51.9	46.4	152.75	280.04	34.03	7106.59
11	51.9	46.4	152.88	279.91	33.6	7674.84
11	51.9	46.4	153	279.79	31.53	6329.4
11	51.9	46.4	153.13	279.66	30.29	5945.42
11	51.9	46.4	153.25	279.54	32.07	6448.35
11	51.9	46.4	153.38	279.41	32.08	4804.84
11	51.9	46.4	153.5	279.29	30.13	2670.28
11	51.9	46.4	153.63	279.16	31.87	3588.6
11	51.9	46.4	153.75	279.04	31.69	4771.31
11	51.9	46.4	153.88	278.91	31.86	4932.31
11	51.9	46.4	154	278.79	33.97	5070.1
11	51.9	46.4	154.13	278.66	30.94	3510.94
11	51.9	46.4	154.25	278.54	27.91	1419.69
11	51.9	46.4	154.38	278.41	28.35	1143.84
11	51.9	46.4	154.5	278.29	29.13	1204.01
11	51.9	46.4	154.63	278.16	29.82	1764.45
11	51.9	46.4	154.75	278.04	31.19	3036.57
11	51.9	46.4	154.88	277.91	32.72	4210.48
11	51.9	46.4	155	277.79	30.34	2791.31
11	51.9	46.4	155.13	277.66	28.51	2696.06
11	51.9	46.4	155.25	277.54	28.18	3250.21
11	51.9	46.4	155.38	277.41	30.85	4239.78
11	51.9	46.4	155.5	277.29	33.19	4327.09
11	51.9	46.4	155.63	277.16	34.59	5888.47
11	51.9	46.4	155.75	277.04	33.08	5431.73
11	51.9	46.4	155.88	276.91	31.25	4232.83
11	51.9	46.4	156	276.79	30.95	3946.73
11	51.9	46.4	156.13	276.66	29.96	3460.59
11	51.9	46.4	156.25	276.54	28.82	3507.55
11	51.9	46.4	156.38	276.41	29.48	4033.67
11	51.9	46.4	156.5	276.29	32.34	4711.34
11	51.9	46.4	156.63	276.16	34.8	6608.31
11	51.9	46.4	156.75	276.04	34.4	7034.42
11	51.9	46.4	156.88	275.91	31.87	5823.41
11	51.9	46.4	157	275.79	29.3	3538.69
11	51.9	46.4	157.13	275.66	27.23	336.97
11	51.9	46.4	157.25	275.54	25.31	148.31
11	51.9	46.4	157.38	275.41	22.68	103.68
11	51.9	46.4	157.5	275.29	19.81	44.93
11	51.9	46.4	157.63	275.16	20.03	32.72
11	51.9	46.4	157.75	275.04	17.71	21.85
11	51.9	46.4	157.88	274.91	19.45	51.29
11	51.9	46.4	158	274.79	17.63	17.7
11	51.9	46.4	158.13	274.66	16.96	5.31
11	51.9	46.4	158.25	274.54	15.66	4.88
11	51.9	46.4	158.38	274.41	17.33	3.12
11	51.9	46.4	158.5	274.29	19.43	35.54
11	51.9	46.4	158.63	274.16	19.46	100.79
11	51.9	46.4	158.75	274.04	22.51	110.64
11	51.9	46.4	158.88	273.91	32.1	385.98
11	51.9	46.4	159	273.79	37.04	1800.72
11	51.9	46.4	159.13	273.66	33.32	2256.37
11	51.9	46.4	159.25	273.54	36.96	3596.22
11	51.9	46.4	159.38	273.41	37.93	5244.53
11	51.9	46.4	159.5	273.29	36.38	7035.92
11	51.9	46.4	159.63	273.16	35.55	7575.29
11	51.9	46.4	159.75	273.04	35.65	7979.12
11	51.9	46.4	159.88	272.91	35.53	6973.32
11	51.9	46.4	160	272.79	33.46	5390.42
11	51.9	46.4	160.13	272.66	30.18	2946.64
11	51.9	46.4	160.25	272.54	28.24	715.41
11	51.9	46.4	160.38	272.41	26.07	260.85
11	51.9	46.4	160.5	272.29	27.88	982.45
11	51.9	46.4	160.63	272.16	29.68	2893.87
11	51.9	46.4	160.75	272.04	28.7	3085.85
11	51.9	46.4	160.88	271.91	25.85	1035.82
11	51.9	46.4	161	271.79	24.06	469.69
11	51.9	46.4	161.13	271.66	25.52	437.17
11	51.9	46.4	161.25	271.54	29.78	1308.9
11	51.9	46.4	161.38	271.41	29.51	1337.11
11	51.9	46.4	161.5	271.29	31.28	2348.67
11	51.9	46.4	161.63	271.16	30.42	3537.66
11	51.9	46.4	161.75	271.04	29.31	2927.69
11	51.9	46.4	161.88	270.91	32.92	1114.93
11	51.9	46.4	162	270.79	33.98	2767.38
11	51.9	46.4	162.13	270.66	35.29	4833.55
11	51.9	46.4	162.25	270.54	31.88	3232.17
11	51.9	46.4	162.38	270.41	26.77	363.3
11	51.9	46.4	162.5	270.29	21.94	97.38
11	51.9	46.4	162.63	270.16	20.73	86.43
11	51.9	46.4	162.75	270.04	23.72	59.69
11	51.9	46.4	162.88	269.91	26.95	280.1
11	51.9	46.4	163	269.79	27.61	927.82
11	51.9	46.4	163.13	269.66	30.6	2121.99
11	51.9	46.4	163.25	269.54	28.74	975.87
11	51.9	46.4	163.38	269.41	25.52	244.4
11	51.9	46.4	163.5	269.29	22.93	20.88
11	51.9	46.4	163.63	269.16	22.03	20.77
